FASE: FASE_3
              precision    recall  f1-score   support

           4       0.00      0.00      0.00         0
           7       0.00      0.00      0.00         0
          10       0.00      0.00      0.00         0
          14       0.00      0.00      0.00         0
          18       0.00      0.00      0.00         0
          21       0.00      0.00      0.00         0
          23       0.00      0.00      0.00         0
          32       0.00      0.00      0.00         0
          34       0.00      0.00      0.00         0
          35       0.00      0.00      0.00         0
          36       0.00      0.00      0.00         0
          46       0.00      0.00      0.00         0
          47       0.00      0.00      0.00         0
          50       0.00      0.00      0.00         0
          53       0.00      0.00      0.00         0
          58       0.00      0.00      0.00         0
          60       0.00      0.00      0.00         0
          66       0.00      0.00      0.00         0
          70       0.00      0.00      0.00         0
          71       0.00      0.00      0.00         0
          76       0.00      0.00      0.00         0
          81       0.00      0.00      0.00         0
          84       0.00      0.00      0.00         0
          98       0.00      0.00      0.00         0
         103       0.00      0.00      0.00         0
         108       0.00      0.00      0.00         0
         113       0.00      0.00      0.00         0
         120       0.00      0.00      0.00         0
         122       0.00      0.00      0.00         0
         125       0.00      0.00      0.00         0
         127       0.00      0.00      0.00         0
         128       0.00      0.00      0.00         0
         132       0.00      0.00      0.00         0
         134       0.00      0.00      0.00         0
         137       0.00      0.00      0.00         0
         143       0.00      0.00      0.00         0
         148       0.00      0.00      0.00         0
         149       0.00      0.00      0.00         0
         151       0.00      0.00      0.00         0
         154       0.00      0.00      0.00         0
         155       0.00      0.00      0.00         0
         156       0.00      0.00      0.00         0
         160       0.00      0.00      0.00         0
         164       0.00      0.00      0.00         0
         169       0.00      0.00      0.00         0
         177       0.00      0.00      0.00         0
         178       0.00      0.00      0.00         0
         181       0.00      0.00      0.00         0
         186       0.00      0.00      0.00         0
         191       0.00      0.00      0.00         0
         194       0.00      0.00      0.00         0
         197       0.00      0.00      0.00         0
         199       0.00      0.00      0.00         0
         200       0.00      0.00      0.00         0
         201       0.00      0.00      0.00         0
         203       0.00      0.00      0.00         0
         206       0.00      0.00      0.00         0
         210       0.00      0.00      0.00         0
         212       0.00      0.00      0.00         0
         222       0.00      0.00      0.00         0
         224       0.00      0.00      0.00         0
         226       0.00      0.00      0.00         0
         227       0.00      0.00      0.00         0
         228       0.00      0.00      0.00         0
         231       0.00      0.00      0.00         0
         232       0.00      0.00      0.00         0
         249       0.00      0.00      0.00         0
         251       0.00      0.00      0.00         0
         252       0.00      0.00      0.00         0
         253       0.00      0.00      0.00         0
         254       0.00      0.00      0.00         0
         255       0.00      0.00      0.00         0
         257       0.00      0.00      0.00         0
         261       0.00      0.00      0.00         0
         263       0.00      0.00      0.00         0
         271       0.00      0.00      0.00         0
         278       0.00      0.00      0.00         0
         284       0.00      0.00      0.00         0
         286       0.00      0.00      0.00         0
         297       0.00      0.00      0.00         0
         300       0.00      0.00      0.00         0
         310       0.00      0.00      0.00         0
         311       0.00      0.00      0.00         0
         312       0.00      0.00      0.00         0
         313       0.00      0.00      0.00         0
         315       0.00      0.00      0.00         0
         318       0.00      0.00      0.00         0
         322       0.00      0.00      0.00         0
         323       0.00      0.00      0.00         0
         324       0.00      0.00      0.00         0
         326       0.00      0.00      0.00         0
         328       0.00      0.00      0.00         0
         329       0.00      0.00      0.00         0
         330       0.00      0.00      0.00         0
         335       0.00      0.00      0.00         0
         342       0.00      0.00      0.00         0
         347       0.00      0.00      0.00         0
         348       0.00      0.00      0.00         0
         354       0.00      0.00      0.00         0
         357       0.00      0.00      0.00         0
         363       0.00      0.00      0.00         0
         365       0.00      0.00      0.00         0
         367       0.00      0.00      0.00         0
         372       0.00      0.00      0.00         0
         376       0.00      0.00      0.00         0
         377       0.00      0.00      0.00         0
         381       0.00      0.00      0.00         0
         387       0.00      0.00      0.00         0
         389       0.00      0.00      0.00         0
         391       0.00      0.00      0.00         0
         392       0.00      0.00      0.00         0
         393       0.00      0.00      0.00         0
         398       0.00      0.00      0.00         0
         400       0.00      0.00      0.00         0
         401       0.00      0.00      0.00         0
         404       0.00      0.00      0.00         0
         405       0.00      0.00      0.00         0
         407       0.00      0.00      0.00         0
         410       0.00      0.00      0.00         0
         411       0.00      0.00      0.00         0
         414       0.00      0.00      0.00         0
         416       0.00      0.00      0.00         0
         418       0.00      0.00      0.00         0
         421       0.00      0.00      0.00         0
         422       0.00      0.00      0.00         0
         430       0.00      0.00      0.00         0
         431       0.00      0.00      0.00         0
         433       0.00      0.00      0.00         0
         434       0.00      0.00      0.00         0
         436       0.00      0.00      0.00         0
         439       0.00      0.00      0.00         0
         440       0.00      0.00      0.00         0
         441       0.00      0.00      0.00         0
         444       0.00      0.00      0.00         0
         447       0.00      0.00      0.00         0
         451       0.00      0.00      0.00         0
         453       0.00      0.00      0.00         0
         457       0.00      0.00      0.00         0
         463       0.00      0.00      0.00         0
         464       0.00      0.00      0.00         0
         467       0.00      0.00      0.00         0
         470       0.00      0.00      0.00         0
         473       0.00      0.00      0.00         0
         477       0.00      0.00      0.00         0
         485       0.00      0.00      0.00         0
         487       0.00      0.00      0.00         0
         488       0.00      0.00      0.00         0
         498       0.00      0.00      0.00         0
         499       0.00      0.00      0.00         0
         500       0.00      0.00      0.00         0
         502       0.00      0.00      0.00         0
         506       0.00      0.00      0.00         0
         507       0.00      0.00      0.00         0
         516       0.00      0.00      0.00         0
         522       0.00      0.00      0.00         0
         525       0.00      0.00      0.00         0
         526       0.00      0.00      0.00         0
         532       0.00      0.00      0.00         0
         533       0.00      0.00      0.00         0
         539       0.00      0.00      0.00         0
         541       0.00      0.00      0.00         0
         545       0.00      0.00      0.00         0
         547       0.00      0.00      0.00         0
         551       0.00      0.00      0.00         0
         553       0.00      0.00      0.00         0
         554       0.00      0.00      0.00         0
         555       0.00      0.00      0.00         0
         557       0.00      0.00      0.00         0
         558       0.00      0.00      0.00         0
         562       0.00      0.00      0.00         0
         564       0.00      0.00      0.00         0
         566       0.00      0.00      0.00         0
         571       0.00      0.00      0.00         0
         573       0.00      0.00      0.00         0
         579       0.00      0.00      0.00         0
         586       0.00      0.00      0.00         0
         589       0.00      0.00      0.00         0
         592       0.00      0.00      0.00         0
         602       0.00      0.00      0.00         0
         605       0.00      0.00      0.00         0
         607       0.00      0.00      0.00         0
         609       0.00      0.00      0.00         0
         614       0.00      0.00      0.00         0
         618       0.00      0.00      0.00         0
         622       0.00      0.00      0.00         0
         625       0.00      0.00      0.00         0
         626       0.00      0.00      0.00         0
         630       0.00      0.00      0.00         0
         633       0.00      0.00      0.00         0
         635       0.00      0.00      0.00         0
         640       0.00      0.00      0.00         0
         643       0.00      0.00      0.00         0
         646       0.00      0.00      0.00         0
         651       0.00      0.00      0.00         0
         656       0.00      0.00      0.00         0
         658       0.00      0.00      0.00         0
         659       0.00      0.00      0.00         0
         665       0.00      0.00      0.00         0
         667       0.00      0.00      0.00         0
         683       0.00      0.00      0.00         0
         686       0.00      0.00      0.00         0
         689       0.00      0.00      0.00         0
         690       0.00      0.00      0.00         0
         694       0.00      0.00      0.00         0
         695       0.00      0.00      0.00         0
         696       0.00      0.00      0.00         0
         697       0.00      0.00      0.00         0
         698       0.00      0.00      0.00         0
         699       0.00      0.00      0.00         0
         703       0.00      0.00      0.00         0
         705       0.00      0.00      0.00         0
         706       0.00      0.00      0.00         0
         710       0.00      0.00      0.00         0
         713       0.00      0.00      0.00         0
         714       0.00      0.00      0.00         0
         715       0.00      0.00      0.00         0
         718       0.00      0.00      0.00         0
         721       0.00      0.00      0.00         0
         724       0.00      0.00      0.00         0
         728       0.00      0.00      0.00         0
         729       0.00      0.00      0.00         0
         734       0.00      0.00      0.00         0
         735       0.00      0.00      0.00         0
         737       0.00      0.00      0.00         0
         743       0.00      0.00      0.00         0
         744       0.00      0.00      0.00         0
         765       0.00      0.00      0.00         0
         766       0.00      0.00      0.00         0
         767       0.00      0.00      0.00         0
         772       0.00      0.00      0.00         0
         774       0.00      0.00      0.00         0
         778       0.00      0.00      0.00         0
         779       0.00      0.00      0.00         0
         780       0.00      0.00      0.00         0
         781       0.00      0.00      0.00         0
         782       0.00      0.00      0.00         0
         786       0.00      0.00      0.00         0
         791       0.00      0.00      0.00         0
         794       0.00      0.00      0.00         0
         795       0.00      0.00      0.00         0
         798       0.00      0.00      0.00         0
         803       0.00      0.00      0.00         0
         804       0.00      0.00      0.00         0
         809       0.00      0.00      0.00         0
         812       0.00      0.00      0.00         0
         813       0.00      0.00      0.00         0
         814       0.00      0.00      0.00         0
         815       0.00      0.00      0.00         0
         821       0.00      0.00      0.00         0
         823       0.00      0.00      0.00         0
         824       0.00      0.00      0.00         0
         828       0.00      0.00      0.00         0
         834       0.00      0.00      0.00         0
         836       0.00      0.00      0.00         0
         839       0.00      0.00      0.00         0
         844       0.00      0.00      0.00         0
         851       0.00      0.00      0.00         0
         852       0.00      0.00      0.00         0
         854       0.00      0.00      0.00         0
         855       0.00      0.00      0.00         0
         864       0.00      0.00      0.00         0
         870       0.00      0.00      0.00         0
         871       0.00      0.00      0.00         0
         872       0.00      0.00      0.00         0
         876       0.00      0.00      0.00         0
         877       0.00      0.00      0.00         0
         885       0.00      0.00      0.00         0
         887       0.00      0.00      0.00         0
         888       0.00      0.00      0.00         0
         889       0.00      0.00      0.00         0
         891       0.00      0.00      0.00         0
         893       0.00      0.00      0.00         0
         895       0.00      0.00      0.00         0
         897       0.00      0.00      0.00         0
         900       0.38      0.23      0.29        26
         901       0.00      0.00      0.00        30
         902       0.19      0.23      0.21        30
         903       0.00      0.00      0.00        30
         904       0.80      0.27      0.40        30
         905       0.49      0.80      0.61        30
         906       0.00      0.00      0.00        30
         907       0.83      0.17      0.28        30
         908       0.16      0.23      0.19        30
         909       0.00      0.00      0.00        30
         910       0.00      0.00      0.00        30
         911       0.00      0.00      0.00        30
         912       0.00      0.00      0.00        30
         913       0.00      0.00      0.00        30
         914       0.00      0.00      0.00        30
         915       1.00      0.03      0.06        30
         916       0.00      0.00      0.00        30
         917       0.00      0.00      0.00        30
         918       0.00      0.00      0.00        32
         919       0.00      0.00      0.00        30
         920       0.00      0.00      0.00        30
         921       0.00      0.00      0.00        30
         922       0.00      0.00      0.00        30
         923       0.00      0.00      0.00        30
         924       0.00      0.00      0.00        30
         925       0.00      0.00      0.00        30
         926       0.09      0.03      0.05        30
         927       0.00      0.00      0.00        30
         928       0.19      0.70      0.30        30
         929       0.00      0.00      0.00        30
         930       0.00      0.00      0.00        30
         931       0.00      0.00      0.00        30
         932       0.00      0.00      0.00        30
         933       1.00      0.03      0.06        30
         934       0.00      0.00      0.00        30
         935       0.00      0.00      0.00        30
         936       0.00      0.00      0.00        30
         937       0.00      0.00      0.00        30
         938       0.00      0.00      0.00        30
         939       0.50      0.17      0.25        30
         940       0.53      0.59      0.56        32
         941       0.00      0.00      0.00        30
         942       0.00      0.00      0.00        30
         943       0.00      0.00      0.00        30
         944       0.00      0.00      0.00        30
         945       0.24      0.13      0.17        30
         946       0.00      0.00      0.00        30
         947       0.00      0.00      0.00        30
         948       0.00      0.00      0.00        30
         949       0.00      0.00      0.00        30
         950       0.00      0.00      0.00        30
         951       0.67      0.07      0.12        30
         952       0.00      0.00      0.00        30
         953       0.38      0.09      0.15        32
         954       0.00      0.00      0.00        30
         955       0.00      0.00      0.00        30
         956       0.37      0.23      0.29        30
         957       0.00      0.00      0.00        30
         958       0.00      0.00      0.00        30
         959       0.00      0.00      0.00        30
         960       0.00      0.00      0.00        30
         961       0.00      0.00      0.00        30
         962       0.39      0.23      0.29        30
         963       0.00      0.00      0.00        30
         964       0.00      0.00      0.00        30
         965       0.00      0.00      0.00        30
         966       0.00      0.00      0.00        30
         967       0.00      0.00      0.00        30
         968       0.75      0.10      0.18        30
         969       0.00      0.00      0.00        30
         970       0.00      0.00      0.00        30
         971       0.15      0.37      0.21        30
         972       0.43      0.20      0.27        30
         973       0.00      0.00      0.00        30
         974       1.00      0.03      0.06        30
         975       0.00      0.00      0.00        30
         976       0.00      0.00      0.00        30
         977       0.00      0.00      0.00        30
         978       0.00      0.00      0.00        30
         979       0.00      0.00      0.00        30
         980       0.00      0.00      0.00        30
         981       0.00      0.00      0.00        30
         982       0.00      0.00      0.00        30
         983       0.00      0.00      0.00        30
         984       0.00      0.00      0.00        30
         985       0.25      0.03      0.06        30
         986       0.00      0.00      0.00        30
         987       0.00      0.00      0.00        31
         988       0.00      0.00      0.00        30
         989       0.00      0.00      0.00        30
         990       0.00      0.00      0.00        30
         991       0.00      0.00      0.00        30
         992       0.00      0.00      0.00        30
         993       0.00      0.00      0.00        30
         994       0.00      0.00      0.00        30
         995       0.00      0.00      0.00        30
         996       0.61      0.37      0.46        30
         997       0.00      0.00      0.00        30
         998       0.00      0.00      0.00        30
         999       0.00      0.00      0.00        30

    accuracy                           0.05      3003
   macro avg       0.03      0.01      0.01      3003
weighted avg       0.11      0.05      0.06      3003
