FASE: FASE_4
              precision    recall  f1-score   support

           0       0.00      0.00      0.00         0
           4       0.00      0.00      0.00         0
           7       0.00      0.00      0.00         0
          10       0.00      0.00      0.00         0
          12       0.00      0.00      0.00         0
          14       0.00      0.00      0.00         0
          18       0.00      0.00      0.00         0
          19       0.00      0.00      0.00         0
          21       0.00      0.00      0.00         0
          23       0.00      0.00      0.00         0
          30       0.00      0.00      0.00         0
          34       0.00      0.00      0.00         0
          35       0.00      0.00      0.00         0
          36       0.00      0.00      0.00         0
          46       0.00      0.00      0.00         0
          50       0.00      0.00      0.00         0
          52       0.00      0.00      0.00         0
          53       0.00      0.00      0.00         0
          56       0.00      0.00      0.00         0
          58       0.00      0.00      0.00         0
          60       0.00      0.00      0.00         0
          61       0.00      0.00      0.00         0
          66       0.00      0.00      0.00         0
          67       0.00      0.00      0.00         0
          68       0.00      0.00      0.00         0
          70       0.00      0.00      0.00         0
          71       0.00      0.00      0.00         0
          75       0.00      0.00      0.00         0
          76       0.00      0.00      0.00         0
          78       0.00      0.00      0.00         0
          79       0.00      0.00      0.00         0
          81       0.00      0.00      0.00         0
          82       0.00      0.00      0.00         0
          84       0.00      0.00      0.00         0
          85       0.00      0.00      0.00         0
          88       0.00      0.00      0.00         0
          90       0.00      0.00      0.00         0
          91       0.00      0.00      0.00         0
          98       0.00      0.00      0.00         0
         100       0.00      0.00      0.00         0
         102       0.00      0.00      0.00         0
         103       0.00      0.00      0.00         0
         104       0.00      0.00      0.00         0
         108       0.00      0.00      0.00         0
         113       0.00      0.00      0.00         0
         120       0.00      0.00      0.00         0
         122       0.00      0.00      0.00         0
         125       0.00      0.00      0.00         0
         127       0.00      0.00      0.00         0
         128       0.00      0.00      0.00         0
         131       0.00      0.00      0.00         0
         132       0.00      0.00      0.00         0
         134       0.00      0.00      0.00         0
         135       0.00      0.00      0.00         0
         137       0.00      0.00      0.00         0
         141       0.00      0.00      0.00         0
         143       0.00      0.00      0.00         0
         146       0.00      0.00      0.00         0
         147       0.00      0.00      0.00         0
         148       0.00      0.00      0.00         0
         149       0.00      0.00      0.00         0
         151       0.00      0.00      0.00         0
         154       0.00      0.00      0.00         0
         155       0.00      0.00      0.00         0
         156       0.00      0.00      0.00         0
         158       0.00      0.00      0.00         0
         159       0.00      0.00      0.00         0
         160       0.00      0.00      0.00         0
         161       0.00      0.00      0.00         0
         162       0.00      0.00      0.00         0
         164       0.00      0.00      0.00         0
         169       0.00      0.00      0.00         0
         171       0.00      0.00      0.00         0
         173       0.00      0.00      0.00         0
         176       0.00      0.00      0.00         0
         177       0.00      0.00      0.00         0
         178       0.00      0.00      0.00         0
         181       0.00      0.00      0.00         0
         186       0.00      0.00      0.00         0
         187       0.00      0.00      0.00         0
         189       0.00      0.00      0.00         0
         191       0.00      0.00      0.00         0
         194       0.00      0.00      0.00         0
         197       0.00      0.00      0.00         0
         199       0.00      0.00      0.00         0
         200       0.00      0.00      0.00         0
         201       0.00      0.00      0.00         0
         203       0.00      0.00      0.00         0
         206       0.00      0.00      0.00         0
         208       0.00      0.00      0.00         0
         210       0.00      0.00      0.00         0
         211       0.00      0.00      0.00         0
         212       0.00      0.00      0.00         0
         222       0.00      0.00      0.00         0
         224       0.00      0.00      0.00         0
         226       0.00      0.00      0.00         0
         227       0.00      0.00      0.00         0
         228       0.00      0.00      0.00         0
         229       0.00      0.00      0.00         0
         230       0.00      0.00      0.00         0
         231       0.00      0.00      0.00         0
         232       0.00      0.00      0.00         0
         233       0.00      0.00      0.00         0
         236       0.00      0.00      0.00         0
         238       0.00      0.00      0.00         0
         242       0.00      0.00      0.00         0
         243       0.00      0.00      0.00         0
         245       0.00      0.00      0.00         0
         246       0.00      0.00      0.00         0
         247       0.00      0.00      0.00         0
         251       0.00      0.00      0.00         0
         254       0.00      0.00      0.00         0
         257       0.00      0.00      0.00         0
         261       0.00      0.00      0.00         0
         268       0.00      0.00      0.00         0
         272       0.00      0.00      0.00         0
         274       0.00      0.00      0.00         0
         278       0.00      0.00      0.00         0
         282       0.00      0.00      0.00         0
         284       0.00      0.00      0.00         0
         286       0.00      0.00      0.00         0
         287       0.00      0.00      0.00         0
         292       0.00      0.00      0.00         0
         293       0.00      0.00      0.00         0
         295       0.00      0.00      0.00         0
         297       0.00      0.00      0.00         0
         299       0.00      0.00      0.00         0
         300       0.00      0.00      0.00         0
         304       0.00      0.00      0.00         0
         305       0.00      0.00      0.00         0
         310       0.00      0.00      0.00         0
         311       0.00      0.00      0.00         0
         313       0.00      0.00      0.00         0
         315       0.00      0.00      0.00         0
         316       0.00      0.00      0.00         0
         318       0.00      0.00      0.00         0
         322       0.00      0.00      0.00         0
         323       0.00      0.00      0.00         0
         324       0.00      0.00      0.00         0
         328       0.00      0.00      0.00         0
         329       0.00      0.00      0.00         0
         330       0.00      0.00      0.00         0
         332       0.00      0.00      0.00         0
         333       0.00      0.00      0.00         0
         340       0.00      0.00      0.00         0
         341       0.00      0.00      0.00         0
         342       0.00      0.00      0.00         0
         344       0.00      0.00      0.00         0
         345       0.00      0.00      0.00         0
         347       0.00      0.00      0.00         0
         348       0.00      0.00      0.00         0
         353       0.00      0.00      0.00         0
         354       0.00      0.00      0.00         0
         363       0.00      0.00      0.00         0
         365       0.00      0.00      0.00         0
         367       0.00      0.00      0.00         0
         372       0.00      0.00      0.00         0
         376       0.00      0.00      0.00         0
         377       0.00      0.00      0.00         0
         380       0.00      0.00      0.00         0
         381       0.00      0.00      0.00         0
         387       0.00      0.00      0.00         0
         389       0.00      0.00      0.00         0
         391       0.00      0.00      0.00         0
         392       0.00      0.00      0.00         0
         393       0.00      0.00      0.00         0
         395       0.00      0.00      0.00         0
         398       0.00      0.00      0.00         0
         399       0.00      0.00      0.00         0
         400       0.00      0.00      0.00         0
         401       0.00      0.00      0.00         0
         404       0.00      0.00      0.00         0
         405       0.00      0.00      0.00         0
         407       0.00      0.00      0.00         0
         410       0.00      0.00      0.00         0
         411       0.00      0.00      0.00         0
         413       0.00      0.00      0.00         0
         414       0.00      0.00      0.00         0
         416       0.00      0.00      0.00         0
         418       0.00      0.00      0.00         0
         421       0.00      0.00      0.00         0
         422       0.00      0.00      0.00         0
         425       0.00      0.00      0.00         0
         426       0.00      0.00      0.00         0
         427       0.00      0.00      0.00         0
         428       0.00      0.00      0.00         0
         430       0.00      0.00      0.00         0
         431       0.00      0.00      0.00         0
         436       0.00      0.00      0.00         0
         438       0.00      0.00      0.00         0
         439       0.00      0.00      0.00         0
         440       0.00      0.00      0.00         0
         444       0.00      0.00      0.00         0
         447       0.00      0.00      0.00         0
         448       0.00      0.00      0.00         0
         450       0.00      0.00      0.00         0
         451       0.00      0.00      0.00         0
         457       0.00      0.00      0.00         0
         459       0.00      0.00      0.00         0
         460       0.00      0.00      0.00         0
         463       0.00      0.00      0.00         0
         464       0.00      0.00      0.00         0
         465       0.00      0.00      0.00         0
         467       0.00      0.00      0.00         0
         468       0.00      0.00      0.00         0
         470       0.00      0.00      0.00         0
         472       0.00      0.00      0.00         0
         473       0.00      0.00      0.00         0
         477       0.00      0.00      0.00         0
         481       0.00      0.00      0.00         0
         482       0.00      0.00      0.00         0
         485       0.00      0.00      0.00         0
         487       0.00      0.00      0.00         0
         497       0.00      0.00      0.00         0
         498       0.00      0.00      0.00         0
         499       0.00      0.00      0.00         0
         500       0.00      0.00      0.00         0
         502       0.00      0.00      0.00         0
         506       0.00      0.00      0.00         0
         511       0.00      0.00      0.00         0
         516       0.00      0.00      0.00         0
         521       0.00      0.00      0.00         0
         522       0.00      0.00      0.00         0
         524       0.00      0.00      0.00         0
         525       0.00      0.00      0.00         0
         532       0.00      0.00      0.00         0
         539       0.00      0.00      0.00         0
         540       0.00      0.00      0.00         0
         541       0.00      0.00      0.00         0
         543       0.00      0.00      0.00         0
         544       0.00      0.00      0.00         0
         545       0.00      0.00      0.00         0
         549       0.00      0.00      0.00         0
         550       0.00      0.00      0.00         0
         551       0.00      0.00      0.00         0
         552       0.00      0.00      0.00         0
         553       0.00      0.00      0.00         0
         554       0.00      0.00      0.00         0
         555       0.00      0.00      0.00         0
         557       0.00      0.00      0.00         0
         558       0.00      0.00      0.00         0
         562       0.00      0.00      0.00         0
         564       0.00      0.00      0.00         0
         565       0.00      0.00      0.00         0
         566       0.00      0.00      0.00         0
         571       0.00      0.00      0.00         0
         575       0.00      0.00      0.00         0
         579       0.00      0.00      0.00         0
         580       0.00      0.00      0.00         0
         584       0.00      0.00      0.00         0
         586       0.00      0.00      0.00         0
         587       0.00      0.00      0.00         0
         589       0.00      0.00      0.00         0
         592       0.00      0.00      0.00         0
         602       0.00      0.00      0.00         0
         605       0.00      0.00      0.00         0
         607       0.00      0.00      0.00         0
         608       0.00      0.00      0.00         0
         609       0.00      0.00      0.00         0
         614       0.00      0.00      0.00         0
         618       0.00      0.00      0.00         0
         619       0.00      0.00      0.00         0
         620       0.00      0.00      0.00         0
         621       0.00      0.00      0.00         0
         622       0.00      0.00      0.00         0
         625       0.00      0.00      0.00         0
         626       0.00      0.00      0.00         0
         630       0.00      0.00      0.00         0
         633       0.00      0.00      0.00         0
         634       0.00      0.00      0.00         0
         635       0.00      0.00      0.00         0
         636       0.00      0.00      0.00         0
         640       0.00      0.00      0.00         0
         643       0.00      0.00      0.00         0
         645       0.00      0.00      0.00         0
         646       0.00      0.00      0.00         0
         649       0.00      0.00      0.00         0
         650       0.00      0.00      0.00         0
         651       0.00      0.00      0.00         0
         652       0.00      0.00      0.00         0
         660       0.00      0.00      0.00         0
         663       0.00      0.00      0.00         0
         665       0.00      0.00      0.00         0
         667       0.00      0.00      0.00         0
         668       0.00      0.00      0.00         0
         672       0.00      0.00      0.00         0
         674       0.00      0.00      0.00         0
         682       0.00      0.00      0.00         0
         683       0.00      0.00      0.00         0
         685       0.00      0.00      0.00         0
         686       0.00      0.00      0.00         0
         687       0.00      0.00      0.00         0
         689       0.00      0.00      0.00         0
         690       0.00      0.00      0.00         0
         694       0.00      0.00      0.00         0
         695       0.00      0.00      0.00         0
         696       0.00      0.00      0.00         0
         697       0.00      0.00      0.00         0
         698       0.00      0.00      0.00         0
         699       0.00      0.00      0.00         0
         703       0.00      0.00      0.00         0
         705       0.00      0.00      0.00         0
         706       0.00      0.00      0.00         0
         710       0.00      0.00      0.00         0
         713       0.00      0.00      0.00         0
         714       0.00      0.00      0.00         0
         715       0.00      0.00      0.00         0
         718       0.00      0.00      0.00         0
         719       0.00      0.00      0.00         0
         721       0.00      0.00      0.00         0
         724       0.00      0.00      0.00         0
         728       0.00      0.00      0.00         0
         729       0.00      0.00      0.00         0
         730       0.00      0.00      0.00         0
         734       0.00      0.00      0.00         0
         735       0.00      0.00      0.00         0
         737       0.00      0.00      0.00         0
         739       0.00      0.00      0.00         0
         743       0.00      0.00      0.00         0
         744       0.00      0.00      0.00         0
         746       0.00      0.00      0.00         0
         748       0.00      0.00      0.00         0
         754       0.00      0.00      0.00         0
         760       0.00      0.00      0.00         0
         763       0.00      0.00      0.00         0
         765       0.00      0.00      0.00         0
         766       0.00      0.00      0.00         0
         767       0.00      0.00      0.00         0
         772       0.00      0.00      0.00         0
         774       0.00      0.00      0.00         0
         777       0.00      0.00      0.00         0
         778       0.00      0.00      0.00         0
         779       0.00      0.00      0.00         0
         780       0.00      0.00      0.00         0
         781       0.00      0.00      0.00         0
         782       0.00      0.00      0.00         0
         786       0.00      0.00      0.00         0
         788       0.00      0.00      0.00         0
         792       0.00      0.00      0.00         0
         794       0.00      0.00      0.00         0
         795       0.00      0.00      0.00         0
         796       0.00      0.00      0.00         0
         798       0.00      0.00      0.00         0
         803       0.00      0.00      0.00         0
         804       0.00      0.00      0.00         0
         809       0.00      0.00      0.00         0
         810       0.00      0.00      0.00         0
         811       0.00      0.00      0.00         0
         812       0.00      0.00      0.00         0
         813       0.00      0.00      0.00         0
         814       0.00      0.00      0.00         0
         815       0.00      0.00      0.00         0
         818       0.00      0.00      0.00         0
         819       0.00      0.00      0.00         0
         821       0.00      0.00      0.00         0
         822       0.00      0.00      0.00         0
         823       0.00      0.00      0.00         0
         824       0.00      0.00      0.00         0
         825       0.00      0.00      0.00         0
         828       0.00      0.00      0.00         0
         834       0.00      0.00      0.00         0
         839       0.00      0.00      0.00         0
         841       0.00      0.00      0.00         0
         842       0.00      0.00      0.00         0
         843       0.00      0.00      0.00         0
         844       0.00      0.00      0.00         0
         846       0.00      0.00      0.00         0
         850       0.00      0.00      0.00         0
         851       0.00      0.00      0.00         0
         852       0.00      0.00      0.00         0
         854       0.00      0.00      0.00         0
         855       0.00      0.00      0.00         0
         864       0.00      0.00      0.00         0
         870       0.00      0.00      0.00         0
         871       0.00      0.00      0.00         0
         872       0.00      0.00      0.00         0
         873       0.00      0.00      0.00         0
         875       0.00      0.00      0.00         0
         876       0.00      0.00      0.00         0
         877       0.00      0.00      0.00         0
         878       0.00      0.00      0.00         0
         883       0.00      0.00      0.00         0
         885       0.00      0.00      0.00         0
         887       0.00      0.00      0.00         0
         888       0.00      0.00      0.00         0
         889       0.00      0.00      0.00         0
         891       0.00      0.00      0.00         0
         892       0.00      0.00      0.00         0
         893       0.00      0.00      0.00         0
         895       0.00      0.00      0.00         0
         897       0.00      0.00      0.00         0
         899       0.00      0.00      0.00         0
         900       0.57      0.46      0.51        26
         901       0.00      0.00      0.00        30
         902       0.25      0.13      0.17        30
         903       0.00      0.00      0.00        30
         904       0.60      0.10      0.17        30
         905       0.49      0.73      0.59        30
         906       0.00      0.00      0.00        30
         907       0.65      0.43      0.52        30
         908       0.26      0.23      0.25        30
         909       0.00      0.00      0.00        30
         910       0.00      0.00      0.00        30
         911       0.00      0.00      0.00        30
         912       0.00      0.00      0.00        30
         913       0.60      0.10      0.17        30
         914       0.00      0.00      0.00        30
         915       0.00      0.00      0.00        30
         916       0.00      0.00      0.00        30
         917       0.00      0.00      0.00        30
         918       0.00      0.00      0.00        32
         919       0.00      0.00      0.00        30
         920       0.33      0.07      0.11        30
         921       0.00      0.00      0.00        30
         922       0.00      0.00      0.00        30
         923       0.00      0.00      0.00        30
         924       0.00      0.00      0.00        30
         925       0.50      0.03      0.06        30
         926       0.31      0.37      0.33        30
         927       0.00      0.00      0.00        30
         928       0.34      0.77      0.47        30
         929       0.00      0.00      0.00        30
         930       1.00      0.03      0.06        30
         931       0.00      0.00      0.00        30
         932       0.00      0.00      0.00        30
         933       0.50      0.03      0.06        30
         934       0.00      0.00      0.00        30
         935       0.00      0.00      0.00        30
         936       1.00      0.03      0.06        30
         937       1.00      0.03      0.06        30
         938       0.00      0.00      0.00        30
         939       0.67      0.33      0.44        30
         940       0.51      0.72      0.60        32
         941       0.00      0.00      0.00        30
         942       0.00      0.00      0.00        30
         943       0.00      0.00      0.00        30
         944       0.33      0.03      0.06        30
         945       0.64      0.23      0.34        30
         946       0.00      0.00      0.00        30
         947       0.00      0.00      0.00        30
         948       0.00      0.00      0.00        30
         949       0.00      0.00      0.00        30
         950       0.00      0.00      0.00        30
         951       0.62      0.33      0.43        30
         952       0.00      0.00      0.00        30
         953       0.38      0.19      0.25        32
         954       1.00      0.03      0.06        30
         955       1.00      0.03      0.06        30
         956       0.56      0.47      0.51        30
         957       0.00      0.00      0.00        30
         958       0.00      0.00      0.00        30
         959       0.00      0.00      0.00        30
         960       0.00      0.00      0.00        30
         961       0.00      0.00      0.00        30
         962       0.29      0.17      0.21        30
         963       0.00      0.00      0.00        30
         964       1.00      0.03      0.06        30
         965       0.00      0.00      0.00        30
         966       0.00      0.00      0.00        30
         967       0.00      0.00      0.00        30
         968       1.00      0.30      0.46        30
         969       0.00      0.00      0.00        30
         970       0.25      0.03      0.06        30
         971       0.19      0.33      0.24        30
         972       0.71      0.33      0.45        30
         973       0.00      0.00      0.00        30
         974       0.67      0.07      0.12        30
         975       0.33      0.03      0.06        30
         976       0.00      0.00      0.00        30
         977       0.00      0.00      0.00        30
         978       0.00      0.00      0.00        30
         979       0.00      0.00      0.00        30
         980       0.21      0.10      0.14        30
         981       0.33      0.17      0.22        30
         982       0.00      0.00      0.00        30
         983       0.00      0.00      0.00        30
         984       0.00      0.00      0.00        30
         985       0.67      0.07      0.12        30
         986       0.50      0.03      0.06        30
         987       0.00      0.00      0.00        31
         988       0.75      0.10      0.18        30
         989       0.00      0.00      0.00        30
         990       0.00      0.00      0.00        30
         991       0.00      0.00      0.00        30
         992       1.00      0.03      0.06        30
         993       0.00      0.00      0.00        30
         994       0.00      0.00      0.00        30
         995       0.00      0.00      0.00        30
         996       0.65      0.73      0.69        30
         997       0.00      0.00      0.00        30
         998       0.00      0.00      0.00        30
         999       0.00      0.00      0.00        30

    accuracy                           0.08      3003
   macro avg       0.05      0.02      0.02      3003
weighted avg       0.23      0.08      0.10      3003
