FASE: FASE_1
              precision    recall  f1-score   support

         188       0.00      0.00      0.00         0
         197       0.00      0.00      0.00         0
         219       0.00      0.00      0.00         0
         229       0.00      0.00      0.00         0
         286       0.00      0.00      0.00         0
         395       0.00      0.00      0.00         0
         437       0.00      0.00      0.00         0
         452       0.00      0.00      0.00         0
         482       0.00      0.00      0.00         0
         537       0.00      0.00      0.00         0
         538       0.00      0.00      0.00         0
         540       0.00      0.00      0.00         0
         550       0.00      0.00      0.00         0
         564       0.00      0.00      0.00         0
         575       0.00      0.00      0.00         0
         615       0.00      0.00      0.00         0
         617       0.00      0.00      0.00         0
         647       0.00      0.00      0.00         0
         658       0.00      0.00      0.00         0
         676       0.00      0.00      0.00         0
         679       0.00      0.00      0.00         0
         699       0.00      0.00      0.00         0
         714       0.00      0.00      0.00         0
         810       0.00      0.00      0.00         0
         941       0.00      0.00      0.00         0
        1025       0.00      0.00      0.00         0
        1111       0.00      0.00      0.00         0
        1241       0.00      0.00      0.00         0
        1272       0.00      0.00      0.00         0
        1304       0.00      0.00      0.00         0
        1329       0.00      0.00      0.00         0
        1340       0.00      0.00      0.00         0
        1372       0.00      0.00      0.00         0
        1401       0.00      0.00      0.00         0
        1458       0.00      0.00      0.00         0
        1491       0.00      0.00      0.00         0
        1512       0.00      0.00      0.00         0
        1537       0.00      0.00      0.00         0
        1668       0.00      0.00      0.00         0
        1677       0.00      0.00      0.00         0
        1683       0.00      0.00      0.00         0
        1706       0.00      0.00      0.00         0
        1732       0.00      0.00      0.00         0
        1772       0.00      0.00      0.00         0
        1809       0.00      0.00      0.00         0
        2194       0.00      0.00      0.00         0
        2202       0.00      0.00      0.00         0
        2228       0.00      0.00      0.00         0
        2290       0.00      0.00      0.00         0
        2302       0.00      0.00      0.00         0
        2332       0.00      0.00      0.00         0
        2345       0.00      0.00      0.00         0
        2382       0.00      0.00      0.00         0
        2441       0.00      0.00      0.00         0
        2469       0.00      0.00      0.00         0
        2576       0.00      0.00      0.00         0
        2654       0.00      0.00      0.00         0
        2741       0.00      0.00      0.00         0
        2780       0.00      0.00      0.00         0
        2830       0.00      0.00      0.00         0
        2965       0.00      0.00      0.00         0
        3019       0.00      0.00      0.00         0
        3033       0.00      0.00      0.00         0
        3053       0.00      0.00      0.00         0
        3076       0.00      0.00      0.00         0
        3121       0.00      0.00      0.00         0
        3177       0.00      0.00      0.00         0
        3270       0.00      0.00      0.00         0
        3355       0.00      0.00      0.00         0
        3383       0.00      0.00      0.00         0
        3445       0.00      0.00      0.00         0
        3493       0.00      0.00      0.00         0
        3547       0.00      0.00      0.00         0
        3581       0.00      0.00      0.00         0
        3627       0.00      0.00      0.00         0
        3680       0.00      0.00      0.00         0
        3694       0.00      0.00      0.00         0
        3697       0.00      0.00      0.00         0
        3722       0.00      0.00      0.00         0
        3750       0.00      0.00      0.00         0
        3775       0.00      0.00      0.00         0
        3810       0.00      0.00      0.00         0
        3951       0.00      0.00      0.00         0
        4021       0.00      0.00      0.00         0
        4053       0.00      0.00      0.00         0
        4141       0.00      0.00      0.00         0
        4147       0.00      0.00      0.00         0
        4237       0.00      0.00      0.00         0
        4281       0.00      0.00      0.00         0
        4297       0.00      0.00      0.00         0
        4313       0.00      0.00      0.00         0
        4335       0.00      0.00      0.00         0
        4336       0.00      0.00      0.00         0
        4413       0.00      0.00      0.00         0
        4414       0.00      0.00      0.00         0
        4441       0.00      0.00      0.00         0
        4527       0.00      0.00      0.00         0
        4528       0.00      0.00      0.00         0
        4539       0.00      0.00      0.00         0
        4593       0.00      0.00      0.00         0
        4704       0.00      0.00      0.00         0
        4726       0.00      0.00      0.00         0
        4763       0.00      0.00      0.00         0
        4778       0.00      0.00      0.00         0
        4833       0.00      0.00      0.00         0
        4930       0.00      0.00      0.00         0
        4970       0.00      0.00      0.00         0
        4981       0.00      0.00      0.00         0
        5002       0.00      0.00      0.00         0
        5017       0.00      0.00      0.00         0
        5029       0.00      0.00      0.00         0
        5056       0.00      0.00      0.00         0
        5120       0.00      0.00      0.00         0
        5122       0.00      0.00      0.00         0
        5184       0.00      0.00      0.00         0
        5253       0.00      0.00      0.00         0
        5313       0.00      0.00      0.00         0
        5405       0.00      0.00      0.00         0
        5468       0.00      0.00      0.00         0
        5544       0.00      0.00      0.00         0
        5622       0.00      0.00      0.00         0
        5690       0.00      0.00      0.00         0
        5749       0.00      0.00      0.00         0
        5784       0.00      0.00      0.00         0
        5819       0.00      0.00      0.00         0
        5823       0.00      0.00      0.00         0
        5919       0.00      0.00      0.00         0
        5926       0.00      0.00      0.00         0
        5951       0.00      0.00      0.00         0
        5962       0.00      0.00      0.00         0
        6049       0.00      0.00      0.00         0
        6096       0.00      0.00      0.00         0
        6109       0.00      0.00      0.00         0
        6140       0.00      0.00      0.00         0
        6247       0.00      0.00      0.00         0
        6278       0.00      0.00      0.00         0
        6330       0.00      0.00      0.00         0
        6338       0.00      0.00      0.00         0
        6351       0.00      0.00      0.00         0
        6352       0.00      0.00      0.00         0
        6360       0.00      0.00      0.00         0
        6396       0.00      0.00      0.00         0
        6492       0.00      0.00      0.00         0
        6563       0.00      0.00      0.00         0
        6633       0.00      0.00      0.00         0
        6680       0.00      0.00      0.00         0
        6795       0.00      0.00      0.00         0
        6874       0.00      0.00      0.00         0
        6942       0.00      0.00      0.00         0
        7053       0.00      0.00      0.00         0
        7150       0.00      0.00      0.00         0
        7213       0.00      0.00      0.00         0
        7230       0.00      0.00      0.00         0
        7238       0.00      0.00      0.00         0
        7266       0.00      0.00      0.00         0
        7345       0.00      0.00      0.00         0
        7373       0.00      0.00      0.00         0
        7414       0.00      0.00      0.00         0
        7507       0.00      0.00      0.00         0
        7922       0.00      0.00      0.00         0
        8044       0.00      0.00      0.00         0
        8094       0.00      0.00      0.00         0
        8098       0.00      0.00      0.00         0
        8114       0.00      0.00      0.00         0
        8236       0.00      0.00      0.00         0
        8268       0.00      0.00      0.00         0
        8377       0.00      0.00      0.00         0
        8634       0.00      0.00      0.00         0
        8670       0.00      0.00      0.00         0
        8686       0.00      0.00      0.00         0
        8688       0.00      0.00      0.00         0
        8745       0.00      0.00      0.00         0
        8751       0.00      0.00      0.00         0
        8771       0.00      0.00      0.00         0
        8816       0.00      0.00      0.00         0
        8840       0.00      0.00      0.00         0
        8881       0.00      0.00      0.00         0
        8883       0.00      0.00      0.00         0
        8931       0.00      0.00      0.00         0
        8968       0.00      0.00      0.00         0
        9003       0.00      0.00      0.00         0
        9015       0.00      0.00      0.00        12
        9016       0.00      0.00      0.00        30
        9017       0.00      0.00      0.00        20
        9018       0.00      0.00      0.00        30
        9019       0.00      0.00      0.00        30
        9020       0.00      0.00      0.00        22
        9021       0.00      0.00      0.00        14
        9022       0.00      0.00      0.00        25
        9023       0.00      0.00      0.00        30
        9024       0.00      0.00      0.00        20
        9025       0.00      0.00      0.00        30
        9026       0.00      0.00      0.00        30
        9027       0.00      0.00      0.00        30
        9028       0.00      0.00      0.00        30
        9029       0.00      0.00      0.00        30
        9030       0.00      0.00      0.00        30
        9031       0.00      0.00      0.00        32
        9032       0.00      0.00      0.00        20
        9033       0.00      0.00      0.00        15
        9034       0.00      0.00      0.00        17
        9035       0.00      0.00      0.00        30
        9036       0.00      0.00      0.00        30
        9037       0.00      0.00      0.00         9
        9038       0.00      0.00      0.00        30
        9039       0.00      0.00      0.00        22
        9040       0.00      0.00      0.00         2
        9041       0.00      0.00      0.00        12
        9042       0.00      0.00      0.00        14
        9043       0.00      0.00      0.00        30
        9044       0.00      0.00      0.00        24
        9045       0.00      0.00      0.00        22
        9046       0.00      0.00      0.00        10
        9047       0.00      0.00      0.00         2
        9048       0.00      0.00      0.00        16
        9049       0.00      0.00      0.00        30
        9050       0.00      0.00      0.00        30
        9051       0.00      0.00      0.00        13
        9052       0.00      0.00      0.00        30
        9053       0.00      0.00      0.00        21
        9054       0.00      0.00      0.00        30
        9055       0.00      0.00      0.00        20
        9056       0.00      0.00      0.00        20
        9057       0.00      0.00      0.00        24
        9058       0.00      0.00      0.00        20
        9059       0.00      0.00      0.00         8
        9060       0.00      0.00      0.00        23
        9061       0.00      0.00      0.00         9
        9062       0.00      0.00      0.00         7
        9063       0.00      0.00      0.00        17
        9064       0.00      0.00      0.00        21
        9065       0.00      0.00      0.00         6
        9066       0.00      0.00      0.00         5
        9067       0.00      0.00      0.00        20
        9068       0.00      0.00      0.00        21
        9069       0.00      0.00      0.00        23
        9070       0.00      0.00      0.00        30
        9071       0.00      0.00      0.00        22
        9072       0.00      0.00      0.00         7
        9073       0.00      0.00      0.00        20
        9074       0.00      0.00      0.00         6
        9075       0.00      0.00      0.00        30
        9076       0.00      0.00      0.00        29
        9077       0.00      0.00      0.00        20
        9078       0.00      0.00      0.00        20
        9079       0.00      0.00      0.00        29
        9080       0.00      0.00      0.00        30
        9081       0.00      0.00      0.00        30
        9082       0.00      0.00      0.00        24
        9083       0.00      0.00      0.00        30
        9084       0.00      0.00      0.00        30
        9085       0.00      0.00      0.00        24
        9086       0.00      0.00      0.00         2
        9087       0.00      0.00      0.00        30
        9088       0.00      0.00      0.00        10
        9089       0.00      0.00      0.00         2
        9090       0.00      0.00      0.00         2
        9091       0.00      0.00      0.00        30
        9092       0.00      0.00      0.00         3
        9093       0.00      0.00      0.00        14
        9094       0.00      0.00      0.00        30
        9095       0.00      0.00      0.00        30
        9096       0.00      0.00      0.00        24
        9097       0.00      0.00      0.00        30
        9098       0.00      0.00      0.00        30
        9099       0.00      0.00      0.00        30
        9100       0.00      0.00      0.00        23
        9101       0.00      0.00      0.00        21
        9102       0.00      0.00      0.00         5
        9103       0.00      0.00      0.00        30
        9104       0.00      0.00      0.00         4
        9105       0.00      0.00      0.00        23
        9106       0.00      0.00      0.00         3
        9107       0.00      0.00      0.00        13
        9108       0.00      0.00      0.00        18
        9109       0.00      0.00      0.00        20
        9110       0.00      0.00      0.00         2
        9111       0.00      0.00      0.00        30
        9112       0.00      0.00      0.00        29
        9113       0.00      0.00      0.00        30
        9114       0.00      0.00      0.00        30
        9115       0.00      0.00      0.00        21
        9116       0.00      0.00      0.00        20
        9117       0.00      0.00      0.00        13
        9118       0.00      0.00      0.00        20
        9119       0.00      0.00      0.00        22
        9120       0.00      0.00      0.00        30
        9121       0.00      0.00      0.00        12
        9122       0.00      0.00      0.00        20
        9123       0.00      0.00      0.00        14
        9124       0.00      0.00      0.00        22
        9125       0.00      0.00      0.00        13
        9126       0.00      0.00      0.00        13
        9127       0.00      0.00      0.00        20
        9128       0.00      0.00      0.00        30
        9129       0.00      0.00      0.00        10
        9130       0.00      0.00      0.00        30
        9131       0.00      0.00      0.00        30
        9132       0.00      0.00      0.00        21
        9133       0.00      0.00      0.00        25
        9134       0.00      0.00      0.00        15
        9135       0.00      0.00      0.00        18
        9136       0.00      0.00      0.00        12
        9137       0.00      0.00      0.00        23
        9138       0.00      0.00      0.00        21
        9139       0.00      0.00      0.00        22
        9140       0.00      0.00      0.00        30
        9141       0.00      0.00      0.00         6
        9142       0.00      0.00      0.00        25
        9143       0.00      0.00      0.00        24
        9144       0.00      0.00      0.00        23
        9145       0.00      0.00      0.00        28
        9146       0.00      0.00      0.00         6
        9147       0.00      0.00      0.00         9
        9148       0.00      0.00      0.00        15
        9149       0.00      0.00      0.00        30
        9150       0.00      0.00      0.00        25
        9151       0.00      0.00      0.00         1
        9152       0.00      0.00      0.00        24
        9153       0.00      0.00      0.00        21
        9154       0.00      0.00      0.00        17
        9155       0.00      0.00      0.00        30
        9156       0.00      0.00      0.00        10
        9157       0.00      0.00      0.00        10
        9158       0.00      0.00      0.00         2
        9159       0.00      0.00      0.00         2
        9160       0.00      0.00      0.00        14
        9161       0.00      0.00      0.00        30
        9162       0.00      0.00      0.00         3
        9163       0.00      0.00      0.00        30
        9164       0.00      0.00      0.00        30
        9165       0.00      0.00      0.00         4
        9166       0.00      0.00      0.00        20
        9167       0.00      0.00      0.00        27
        9168       0.00      0.00      0.00        30
        9169       0.00      0.00      0.00        30
        9170       0.00      0.00      0.00        21
        9171       0.00      0.00      0.00        20
        9172       0.00      0.00      0.00         4
        9173       0.00      0.00      0.00         7
        9174       0.00      0.00      0.00        25
        9175       0.00      0.00      0.00        24
        9176       0.00      0.00      0.00        30
        9177       0.00      0.00      0.00        18
        9178       0.00      0.00      0.00        14
        9179       0.00      0.00      0.00        20
        9180       0.00      0.00      0.00        21
        9181       0.00      0.00      0.00         2
        9182       0.00      0.00      0.00        30
        9183       0.00      0.00      0.00        13
        9184       0.00      0.00      0.00         5
        9185       0.00      0.00      0.00        22
        9186       0.00      0.00      0.00        30
        9187       0.00      0.00      0.00        15
        9188       0.00      0.00      0.00        22
        9189       0.00      0.00      0.00        11
        9190       0.00      0.00      0.00        18
        9191       0.00      0.00      0.00        14
        9192       0.00      0.00      0.00        23
        9193       0.00      0.00      0.00         9
        9194       0.00      0.00      0.00         6
        9195       0.00      0.00      0.00        30
        9196       0.00      0.00      0.00        21
        9197       0.00      0.00      0.00        30
        9198       0.00      0.00      0.00        19
        9199       0.00      0.00      0.00         9
        9200       0.00      0.00      0.00        30
        9201       0.00      0.00      0.00         2
        9202       0.00      0.00      0.00         3
        9203       0.00      0.00      0.00         5
        9204       0.00      0.00      0.00        20
        9205       0.00      0.00      0.00        30
        9206       0.00      0.00      0.00        20
        9207       0.00      0.00      0.00         8
        9208       0.00      0.00      0.00        14
        9209       0.00      0.00      0.00         9
        9210       0.00      0.00      0.00        30
        9211       0.00      0.00      0.00        25
        9212       0.00      0.00      0.00        21
        9213       0.00      0.00      0.00        20
        9214       0.00      0.00      0.00        22
        9215       0.00      0.00      0.00         5
        9216       0.00      0.00      0.00        25
        9217       0.00      0.00      0.00         6
        9218       0.00      0.00      0.00        30
        9219       0.00      0.00      0.00        18
        9220       0.00      0.00      0.00        30
        9221       0.00      0.00      0.00        30
        9222       0.00      0.00      0.00        23
        9223       0.00      0.00      0.00         6
        9224       0.00      0.00      0.00        20
        9225       0.00      0.00      0.00        15
        9226       0.00      0.00      0.00        20
        9227       0.00      0.00      0.00         4
        9228       0.00      0.00      0.00        30
        9229       0.00      0.00      0.00        23
        9230       0.00      0.00      0.00        23
        9231       0.00      0.00      0.00         5
        9232       0.00      0.00      0.00         7
        9233       0.00      0.00      0.00        30
        9234       0.00      0.00      0.00        24
        9235       0.00      0.00      0.00        30
        9236       0.00      0.00      0.00        30
        9237       0.36      0.16      0.22        32
        9238       0.00      0.00      0.00        25
        9239       0.00      0.00      0.00        12
        9240       0.00      0.00      0.00        30
        9241       0.00      0.00      0.00        30
        9242       0.00      0.00      0.00         2
        9243       0.00      0.00      0.00        30
        9244       0.00      0.00      0.00        15
        9245       0.00      0.00      0.00        27
        9246       0.00      0.00      0.00        14
        9247       0.00      0.00      0.00        20
        9248       0.00      0.00      0.00        30
        9249       0.00      0.00      0.00        25
        9250       0.00      0.00      0.00         8
        9251       0.00      0.00      0.00        30
        9252       0.00      0.00      0.00        30
        9253       0.00      0.00      0.00        12
        9254       0.00      0.00      0.00        30
        9255       0.00      0.00      0.00         2
        9256       0.00      0.00      0.00         2
        9257       0.00      0.00      0.00         6
        9258       0.00      0.00      0.00        26
        9259       0.00      0.00      0.00        10
        9260       0.00      0.00      0.00        20
        9261       0.00      0.00      0.00        20
        9262       0.00      0.00      0.00        23
        9263       0.00      0.00      0.00        30
        9264       0.00      0.00      0.00        30
        9265       0.00      0.00      0.00        30
        9266       0.00      0.00      0.00        30
        9267       0.00      0.00      0.00        30
        9268       0.00      0.00      0.00         3
        9269       0.00      0.00      0.00        25
        9270       0.00      0.00      0.00        12
        9271       0.02      0.07      0.02        30
        9272       0.00      0.00      0.00        30
        9273       0.00      0.00      0.00        13
        9274       0.00      0.00      0.00         5
        9275       0.00      0.00      0.00        30
        9276       0.00      0.00      0.00        13
        9277       0.00      0.00      0.00         3
        9278       0.00      0.00      0.00        27
        9279       0.00      0.00      0.00        28
        9280       0.00      0.00      0.00        16
        9281       0.00      0.00      0.00        30
        9282       0.00      0.00      0.00        22
        9283       0.00      0.00      0.00        30
        9284       0.00      0.00      0.00         2
        9285       0.00      0.00      0.00         2
        9286       0.00      0.00      0.00        16
        9287       0.00      0.00      0.00        30
        9288       0.00      0.00      0.00        29
        9289       0.00      0.00      0.00        21
        9290       0.00      0.00      0.00         3
        9291       0.00      0.00      0.00        24
        9292       0.00      0.00      0.00         9
        9293       0.00      0.00      0.00        23
        9294       0.00      0.00      0.00        26
        9295       0.00      0.00      0.00        21
        9296       0.00      0.00      0.00        19
        9297       0.00      0.00      0.00        30
        9298       0.00      0.00      0.00         2
        9299       0.00      0.00      0.00         3
        9300       0.00      0.00      0.00         2
        9301       0.00      0.00      0.00        20
        9302       0.00      0.00      0.00        30
        9303       0.00      0.00      0.00        30
        9304       0.00      0.00      0.00        10
        9305       0.00      0.00      0.00        30
        9306       0.00      0.00      0.00         2
        9307       0.00      0.00      0.00        12
        9308       0.00      0.00      0.00         7
        9309       0.00      0.00      0.00        18
        9310       0.00      0.00      0.00        15
        9311       0.00      0.00      0.00        16
        9312       0.00      0.00      0.00        18
        9313       0.00      0.00      0.00        17
        9314       0.00      0.00      0.00         6
        9315       0.00      0.00      0.00        20
        9316       0.00      0.00      0.00         4
        9317       0.00      0.00      0.00         8
        9318       0.00      0.00      0.00         5
        9319       0.00      0.00      0.00        20
        9320       0.00      0.00      0.00         8
        9321       0.00      0.00      0.00        12
        9322       0.00      0.00      0.00        11
        9323       0.00      0.00      0.00        28
        9324       0.00      0.00      0.00        27
        9325       0.00      0.00      0.00        12
        9326       0.00      0.00      0.00        24
        9327       0.00      0.00      0.00         9
        9328       0.00      0.00      0.00         7
        9329       0.00      0.00      0.00         8
        9330       0.00      0.00      0.00        10
        9331       0.00      0.00      0.00         3
        9332       0.00      0.00      0.00         6
        9333       0.00      0.00      0.00         4
        9334       0.00      0.00      0.00        30
        9335       0.00      0.00      0.00        30
        9336       0.00      0.00      0.00        12
        9337       0.00      0.00      0.00        14
        9338       0.00      0.00      0.00         8
        9339       0.00      0.00      0.00        24
        9340       0.00      0.00      0.00        30
        9341       0.00      0.00      0.00        30
        9342       0.00      0.00      0.00        15
        9343       0.00      0.00      0.00         7
        9344       0.00      0.00      0.00         5
        9345       0.00      0.00      0.00        19
        9346       0.00      0.00      0.00        12
        9347       0.00      0.00      0.00         9
        9348       0.00      0.00      0.00        12
        9349       0.00      0.00      0.00        15
        9350       0.00      0.00      0.00        12
        9351       0.00      0.00      0.00        15
        9352       0.00      0.00      0.00        32
        9353       0.00      0.00      0.00        20
        9354       0.00      0.00      0.00        17
        9355       0.00      0.00      0.00        13
        9356       0.00      0.00      0.00        23
        9357       0.00      0.00      0.00        20
        9358       0.00      0.00      0.00         2
        9359       0.00      0.00      0.00        13
        9360       0.00      0.00      0.00        14
        9361       0.00      0.00      0.00        29
        9362       0.00      0.00      0.00        13
        9363       0.00      0.00      0.00         8
        9364       0.00      0.00      0.00        13
        9365       0.00      0.00      0.00         8
        9366       0.00      0.00      0.00        25
        9367       0.00      0.00      0.00        23
        9368       0.00      0.00      0.00         9
        9369       0.00      0.00      0.00         7
        9370       0.00      0.00      0.00        11
        9371       0.00      0.00      0.00         5
        9372       0.00      0.00      0.00         2
        9373       0.00      0.00      0.00        30
        9374       0.00      0.00      0.00        30
        9375       0.00      0.00      0.00        30
        9376       0.00      0.00      0.00        11
        9377       0.00      0.00      0.00         3
        9378       0.00      0.00      0.00        28
        9379       0.00      0.00      0.00         1
        9380       0.00      0.00      0.00         8
        9381       0.00      0.00      0.00         6
        9382       0.00      0.00      0.00        20
        9383       0.00      0.00      0.00        20
        9384       0.00      0.00      0.00         9
        9385       0.00      0.00      0.00        25
        9386       0.00      0.00      0.00        17
        9387       0.00      0.00      0.00        30
        9388       0.00      0.00      0.00        20
        9389       0.00      0.00      0.00         4
        9390       0.00      0.00      0.00        30
        9391       0.00      0.00      0.00        10
        9392       0.00      0.00      0.00         8
        9393       0.00      0.00      0.00         8
        9394       0.00      0.00      0.00         6
        9395       0.00      0.00      0.00        25
        9396       0.00      0.00      0.00        20
        9397       0.00      0.00      0.00        30
        9398       0.00      0.00      0.00        12
        9399       0.00      0.00      0.00         4
        9400       0.00      0.00      0.00        21
        9401       0.00      0.00      0.00        16
        9402       0.00      0.00      0.00        13
        9403       0.00      0.00      0.00         9
        9404       0.00      0.00      0.00        30
        9405       0.00      0.00      0.00        18
        9406       0.00      0.00      0.00         8
        9407       0.00      0.00      0.00        23
        9408       0.00      0.00      0.00         2
        9409       0.00      0.00      0.00        19
        9410       0.00      0.00      0.00         3
        9411       0.00      0.00      0.00        20
        9412       0.00      0.00      0.00        25
        9413       0.00      0.00      0.00        20
        9414       0.00      0.00      0.00        12
        9415       0.00      0.00      0.00         8
        9416       0.00      0.00      0.00        20
        9417       0.00      0.00      0.00        25
        9418       0.00      0.00      0.00        30
        9419       0.00      0.00      0.00         2
        9420       0.00      0.00      0.00         7
        9421       0.00      0.00      0.00        10
        9422       0.00      0.00      0.00        25
        9423       0.00      0.00      0.00        22
        9424       0.00      0.00      0.00        20
        9425       0.00      0.00      0.00        21
        9426       0.00      0.00      0.00        12
        9427       0.00      0.00      0.00        20
        9428       0.00      0.00      0.00        18
        9429       0.00      0.00      0.00         3
        9430       0.00      0.00      0.00         7
        9431       0.00      0.00      0.00        18
        9432       0.00      0.00      0.00        15
        9433       0.00      0.00      0.00        13
        9434       0.00      0.00      0.00        20
        9435       0.00      0.00      0.00        14
        9436       0.00      0.00      0.00        16
        9437       0.00      0.00      0.00        20
        9438       0.00      0.00      0.00         8
        9439       0.00      0.00      0.00         4
        9440       0.00      0.00      0.00         6
        9441       0.00      0.00      0.00         5
        9442       0.00      0.00      0.00        12
        9443       0.00      0.00      0.00         5
        9444       0.00      0.00      0.00        11
        9445       0.00      0.00      0.00        21
        9446       0.00      0.00      0.00        10
        9447       0.00      0.00      0.00        30
        9448       0.00      0.00      0.00         7
        9449       0.00      0.00      0.00         9
        9450       0.00      0.00      0.00        18
        9451       0.00      0.00      0.00         3
        9452       0.00      0.00      0.00        14
        9453       0.00      0.00      0.00        25
        9454       0.00      0.00      0.00         3
        9455       0.00      0.00      0.00        20
        9456       0.00      0.00      0.00        20
        9457       0.00      0.00      0.00        26
        9458       0.00      0.00      0.00        22
        9459       0.00      0.00      0.00        25
        9460       0.00      0.00      0.00        14
        9461       0.00      0.00      0.00        11
        9462       0.00      0.00      0.00         7
        9463       0.00      0.00      0.00         2
        9464       0.00      0.00      0.00        25
        9465       0.00      0.00      0.00        14
        9466       0.00      0.00      0.00        15
        9467       0.00      0.00      0.00        23
        9468       0.00      0.00      0.00         3
        9469       0.00      0.00      0.00        21
        9470       0.00      0.00      0.00        30
        9471       0.00      0.00      0.00        19
        9472       0.00      0.00      0.00         5
        9473       0.00      0.00      0.00         2
        9474       0.00      0.00      0.00        18
        9475       0.00      0.00      0.00        22
        9476       0.00      0.00      0.00         8
        9477       0.00      0.00      0.00        13
        9478       0.00      0.00      0.00        15
        9479       0.00      0.00      0.00        17
        9480       0.00      0.00      0.00        11
        9481       0.00      0.00      0.00         8
        9482       0.00      0.00      0.00        20
        9483       0.00      0.00      0.00        21
        9484       0.00      0.00      0.00         7
        9485       0.00      0.00      0.00        14
        9486       0.00      0.00      0.00        13
        9487       0.00      0.00      0.00         6
        9488       0.00      0.00      0.00         6
        9489       0.00      0.00      0.00        20
        9490       0.00      0.00      0.00        16
        9491       0.00      0.00      0.00         8
        9492       0.00      0.00      0.00        15
        9493       0.00      0.00      0.00         6
        9494       0.00      0.00      0.00        16
        9495       0.00      0.00      0.00         4
        9496       0.00      0.00      0.00        21
        9497       0.00      0.00      0.00        11
        9498       0.00      0.00      0.00        22
        9499       0.00      0.00      0.00        17
        9500       0.00      0.00      0.00        25
        9501       0.00      0.00      0.00        19
        9502       0.00      0.00      0.00        19
        9503       0.00      0.00      0.00         2
        9504       0.00      0.00      0.00        17
        9505       0.00      0.00      0.00        17
        9506       0.00      0.00      0.00        23
        9507       0.00      0.00      0.00         5
        9508       0.00      0.00      0.00        12
        9509       0.00      0.00      0.00        25
        9510       0.00      0.00      0.00        20
        9511       0.00      0.00      0.00        30
        9512       0.00      0.00      0.00        28
        9513       0.00      0.00      0.00        20
        9514       0.00      0.00      0.00        30
        9515       0.00      0.00      0.00         2
        9516       0.00      0.00      0.00         5
        9517       0.00      0.00      0.00         4
        9518       0.00      0.00      0.00         3
        9519       0.00      0.00      0.00         8
        9520       0.00      0.00      0.00         2
        9521       0.00      0.00      0.00         7
        9522       0.00      0.00      0.00         2
        9523       0.00      0.00      0.00        22
        9524       0.00      0.00      0.00         3
        9525       0.00      0.00      0.00        21
        9526       0.00      0.00      0.00         7
        9527       0.00      0.00      0.00        21
        9528       0.00      0.00      0.00         8
        9529       0.00      0.00      0.00        24
        9530       0.00      0.00      0.00        16
        9531       0.00      0.00      0.00        15
        9532       0.00      0.00      0.00        12
        9533       0.00      0.00      0.00        11
        9534       0.00      0.00      0.00        22
        9535       0.00      0.00      0.00        11
        9536       0.00      0.00      0.00        20
        9537       0.00      0.00      0.00        22
        9538       0.00      0.00      0.00         9
        9539       0.00      0.00      0.00         5
        9540       0.00      0.00      0.00        13
        9541       0.00      0.00      0.00        10
        9542       0.00      0.00      0.00         8
        9543       0.00      0.00      0.00         5
        9544       0.00      0.00      0.00        15
        9545       0.00      0.00      0.00        29
        9546       0.00      0.00      0.00         9
        9547       0.00      0.00      0.00         2
        9548       0.00      0.00      0.00        20
        9549       0.00      0.00      0.00        20
        9550       0.00      0.00      0.00        21
        9551       0.00      0.00      0.00        25
        9552       0.00      0.00      0.00        20
        9553       0.00      0.00      0.00         9
        9554       0.00      0.00      0.00        13
        9555       0.00      0.00      0.00         9
        9556       0.00      0.00      0.00        28
        9557       0.00      0.00      0.00         3
        9558       0.00      0.00      0.00        23
        9559       0.00      0.00      0.00        22
        9560       0.00      0.00      0.00         3
        9561       0.00      0.00      0.00         2
        9562       0.00      0.00      0.00        17
        9563       0.00      0.00      0.00        21
        9564       0.00      0.00      0.00         4
        9565       0.00      0.00      0.00        25
        9566       0.00      0.00      0.00        18
        9567       0.00      0.00      0.00        25
        9568       0.00      0.00      0.00         4
        9569       0.00      0.00      0.00        11
        9570       0.00      0.00      0.00        20
        9571       0.00      0.00      0.00        20
        9572       0.00      0.00      0.00         5
        9573       0.00      0.00      0.00        10
        9574       0.00      0.00      0.00        30
        9575       0.00      0.00      0.00        24
        9576       0.00      0.00      0.00        22
        9577       0.00      0.00      0.00        20
        9578       0.00      0.00      0.00        20
        9579       0.00      0.00      0.00         4
        9580       0.00      0.00      0.00         8
        9581       0.00      0.00      0.00         5
        9582       0.00      0.00      0.00        25
        9583       0.00      0.00      0.00        26
        9584       0.00      0.00      0.00         7
        9585       0.00      0.00      0.00        11
        9586       0.00      0.00      0.00         1
        9587       0.00      0.00      0.00        18
        9588       0.00      0.00      0.00         7
        9589       0.00      0.00      0.00        29
        9590       0.00      0.00      0.00        20
        9591       0.00      0.00      0.00        16
        9592       0.00      0.00      0.00        26
        9593       0.00      0.00      0.00        11
        9594       0.00      0.00      0.00        13
        9595       0.00      0.00      0.00         9
        9596       0.00      0.00      0.00        16
        9597       0.00      0.00      0.00        14
        9598       0.00      0.00      0.00        20
        9599       0.00      0.00      0.00         5
        9600       0.00      0.00      0.00        17
        9601       0.00      0.00      0.00         5
        9602       0.00      0.00      0.00        11
        9603       0.00      0.00      0.00         4
        9604       0.00      0.00      0.00        24
        9605       0.00      0.00      0.00         6
        9606       0.00      0.00      0.00        21
        9607       0.00      0.00      0.00         5
        9608       0.00      0.00      0.00        13
        9609       0.00      0.00      0.00        10
        9610       0.00      0.00      0.00        20
        9611       0.00      0.00      0.00        28
        9612       0.00      0.00      0.00        20
        9613       0.00      0.00      0.00         3
        9614       0.00      0.00      0.00        11
        9615       0.00      0.00      0.00         5
        9616       0.00      0.00      0.00         4
        9617       0.00      0.00      0.00         7
        9618       0.00      0.00      0.00         8
        9619       0.00      0.00      0.00        20
        9620       0.00      0.00      0.00         9
        9621       0.00      0.00      0.00        21
        9622       0.00      0.00      0.00        30
        9623       0.00      0.00      0.00        19
        9624       0.00      0.00      0.00        22
        9625       0.00      0.00      0.00        20
        9626       0.00      0.00      0.00        12
        9627       0.00      0.00      0.00         7
        9628       0.00      0.00      0.00        20
        9629       0.00      0.00      0.00        12
        9630       0.00      0.00      0.00        21
        9631       0.00      0.00      0.00        16
        9632       0.00      0.00      0.00         2
        9633       0.00      0.00      0.00        22
        9634       0.00      0.00      0.00        30
        9635       0.00      0.00      0.00        19
        9636       0.00      0.00      0.00        13
        9637       0.00      0.00      0.00        21
        9638       0.00      0.00      0.00        12
        9639       0.00      0.00      0.00        11
        9640       0.00      0.00      0.00        22
        9641       0.00      0.00      0.00        20
        9642       0.00      0.00      0.00        20
        9643       0.00      0.00      0.00        17
        9644       0.00      0.00      0.00        20
        9645       0.00      0.00      0.00        25
        9646       0.00      0.00      0.00        12
        9647       0.00      0.00      0.00        11
        9648       0.00      0.00      0.00         2
        9649       0.00      0.00      0.00        17
        9650       0.00      0.00      0.00        20
        9651       0.00      0.00      0.00        20
        9652       0.00      0.00      0.00        20
        9653       0.00      0.00      0.00         2
        9654       0.00      0.00      0.00        20
        9655       0.00      0.00      0.00        26
        9656       0.00      0.00      0.00        30
        9657       0.00      0.00      0.00        21
        9658       0.00      0.00      0.00         9
        9659       0.00      0.00      0.00        24
        9660       0.00      0.00      0.00        30
        9661       0.00      0.00      0.00        13
        9662       0.00      0.00      0.00         6
        9663       0.00      0.00      0.00        13
        9664       0.00      0.00      0.00         6
        9665       0.00      0.00      0.00        14
        9666       0.00      0.00      0.00        17
        9667       0.00      0.00      0.00        16
        9668       0.00      0.00      0.00         7
        9669       0.00      0.00      0.00        20
        9670       0.00      0.00      0.00        30
        9671       0.00      0.00      0.00        10
        9672       0.00      0.00      0.00        13
        9673       0.00      0.00      0.00         8
        9674       0.00      0.00      0.00        15
        9675       0.00      0.00      0.00        20
        9676       0.00      0.00      0.00        21
        9677       0.00      0.00      0.00         7
        9678       0.00      0.00      0.00        29
        9679       0.00      0.00      0.00        20
        9680       0.00      0.00      0.00        20
        9681       0.00      0.00      0.00        23
        9682       0.00      0.00      0.00        22
        9683       0.00      0.00      0.00        12
        9684       0.00      0.00      0.00        20
        9685       0.00      0.00      0.00        23
        9686       0.00      0.00      0.00         5
        9687       0.00      0.00      0.00         5
        9688       0.00      0.00      0.00        11
        9689       0.00      0.00      0.00        17
        9690       0.00      0.00      0.00         2
        9691       0.00      0.00      0.00        11
        9692       0.00      0.00      0.00         3
        9693       0.00      0.00      0.00         6
        9694       0.00      0.00      0.00         2
        9695       0.00      0.00      0.00         8
        9696       0.00      0.00      0.00        20
        9697       0.00      0.00      0.00        24
        9698       0.00      0.00      0.00        22
        9699       0.00      0.00      0.00        13
        9700       0.00      0.00      0.00        23
        9701       0.00      0.00      0.00        30
        9702       0.00      0.00      0.00         9
        9703       0.00      0.00      0.00         7
        9704       0.00      0.00      0.00        14
        9705       0.00      0.00      0.00        10
        9706       0.00      0.00      0.00         7
        9707       0.00      0.00      0.00        24
        9708       0.00      0.00      0.00        20
        9709       0.00      0.00      0.00        15
        9710       0.00      0.00      0.00        16
        9711       0.00      0.00      0.00        30
        9712       0.00      0.00      0.00        10
        9713       0.00      0.00      0.00         6
        9714       0.00      0.00      0.00         6
        9715       0.00      0.00      0.00        11
        9716       0.00      0.00      0.00        25
        9717       0.00      0.00      0.00        25
        9718       0.00      0.00      0.00         9
        9719       0.00      0.00      0.00        13
        9720       0.00      0.00      0.00        18
        9721       0.00      0.00      0.00        13
        9722       0.00      0.00      0.00        21
        9723       0.00      0.00      0.00        13
        9724       0.00      0.00      0.00        29
        9725       0.00      0.00      0.00        23
        9726       0.00      0.00      0.00         5
        9727       0.00      0.00      0.00        20
        9728       0.00      0.00      0.00         3
        9729       0.00      0.00      0.00         4
        9730       0.00      0.00      0.00        21
        9731       0.00      0.00      0.00        20
        9732       0.00      0.00      0.00         7
        9733       0.00      0.00      0.00        28
        9734       0.00      0.00      0.00        25
        9735       0.00      0.00      0.00        25
        9736       0.00      0.00      0.00        30
        9737       0.00      0.00      0.00         9
        9738       0.00      0.00      0.00         6
        9739       0.00      0.00      0.00        10
        9740       0.00      0.00      0.00        19
        9741       0.00      0.00      0.00        20
        9742       0.00      0.00      0.00         8
        9743       0.00      0.00      0.00        25
        9744       0.00      0.00      0.00        12
        9745       0.00      0.00      0.00        29
        9746       0.00      0.00      0.00        30
        9747       0.00      0.00      0.00        10
        9748       0.00      0.00      0.00         3
        9749       0.00      0.00      0.00        11
        9750       0.00      0.00      0.00        11
        9751       0.00      0.00      0.00        20
        9752       0.00      0.00      0.00        25
        9753       0.00      0.00      0.00        25
        9754       0.00      0.00      0.00         8
        9755       0.00      0.00      0.00         7
        9756       0.00      0.00      0.00         8
        9757       0.00      0.00      0.00        23
        9758       0.00      0.00      0.00        20
        9759       0.00      0.00      0.00        19
        9760       0.00      0.00      0.00         8
        9761       0.00      0.00      0.00        11
        9762       0.00      0.00      0.00        10
        9763       0.00      0.00      0.00         7
        9764       0.00      0.00      0.00         3
        9765       0.00      0.00      0.00        20
        9766       0.00      0.00      0.00        12
        9767       0.00      0.00      0.00        23
        9768       0.00      0.00      0.00        11
        9769       0.00      0.00      0.00        10
        9770       0.00      0.00      0.00        18
        9771       0.00      0.00      0.00        14
        9772       0.00      0.00      0.00        10
        9773       0.00      0.00      0.00        16
        9774       0.00      0.00      0.00        20
        9775       0.00      0.00      0.00        15
        9776       0.00      0.00      0.00         4
        9777       0.00      0.00      0.00         3
        9778       0.00      0.00      0.00        21
        9779       0.00      0.00      0.00         7
        9780       0.00      0.00      0.00        20
        9781       0.00      0.00      0.00        19
        9782       0.00      0.00      0.00         8
        9783       0.00      0.00      0.00        10
        9784       0.00      0.00      0.00         6
        9785       0.00      0.00      0.00        30
        9786       0.00      0.00      0.00        15
        9787       0.00      0.00      0.00        12
        9788       0.00      0.00      0.00         5
        9789       0.00      0.00      0.00        29
        9790       0.00      0.00      0.00        11
        9791       0.00      0.00      0.00        14
        9792       0.00      0.00      0.00         3
        9793       0.00      0.00      0.00         5
        9794       0.00      0.00      0.00        10
        9795       0.00      0.00      0.00        10
        9796       0.00      0.00      0.00        10
        9797       0.00      0.00      0.00        25
        9798       0.00      0.00      0.00        11
        9799       0.00      0.00      0.00         7
        9800       0.00      0.00      0.00        18
        9801       0.00      0.00      0.00        10
        9802       0.00      0.00      0.00        25
        9803       0.00      0.00      0.00         7
        9804       0.00      0.00      0.00        20
        9805       0.00      0.00      0.00        17
        9806       0.00      0.00      0.00         6
        9807       0.00      0.00      0.00        10
        9808       0.00      0.00      0.00         6
        9809       0.00      0.00      0.00         6
        9810       0.00      0.00      0.00        30
        9811       0.00      0.00      0.00        20
        9812       0.00      0.00      0.00        14
        9813       0.00      0.00      0.00        21
        9814       0.04      0.43      0.07        30
        9815       0.00      0.00      0.00         3
        9816       0.00      0.00      0.00        10
        9817       0.00      0.00      0.00        20
        9818       0.00      0.00      0.00        20
        9819       0.00      0.00      0.00        14
        9820       0.00      0.00      0.00        30
        9821       0.00      0.00      0.00        14
        9822       0.00      0.00      0.00        20
        9823       0.00      0.00      0.00        30
        9824       0.00      0.00      0.00        20
        9825       0.00      0.00      0.00        30
        9826       0.00      0.00      0.00        25
        9827       0.00      0.00      0.00         4
        9828       0.00      0.00      0.00        30
        9829       0.00      0.00      0.00        29
        9830       0.00      0.00      0.00        30
        9831       0.00      0.00      0.00        24
        9832       0.00      0.00      0.00        30
        9833       0.00      0.00      0.00        19
        9834       0.00      0.00      0.00        29
        9835       0.00      0.00      0.00        10
        9836       0.00      0.00      0.00        29
        9837       0.00      0.03      0.00        30
        9838       0.00      0.00      0.00        20
        9839       0.00      0.00      0.00        23
        9840       0.00      0.00      0.00        24
        9841       0.00      0.00      0.00        30
        9842       0.00      0.00      0.00        30
        9843       0.00      0.00      0.00         5
        9844       0.00      0.00      0.00        28
        9845       0.00      0.00      0.00        20
        9846       0.00      0.00      0.00        30
        9847       0.00      0.00      0.00        30
        9848       0.00      0.00      0.00         7
        9849       0.00      0.00      0.00        29
        9850       0.00      0.00      0.00         5
        9851       0.00      0.00      0.00        30
        9852       0.00      0.00      0.00        21
        9853       0.00      0.00      0.00         8
        9854       0.00      0.00      0.00         6
        9855       0.00      0.00      0.00        20
        9856       0.00      0.00      0.00        30
        9857       0.00      0.00      0.00        13
        9858       0.00      0.00      0.00        30
        9859       0.00      0.00      0.00        30
        9860       0.00      0.00      0.00        30
        9861       0.00      0.00      0.00        30
        9862       0.00      0.00      0.00        29
        9863       0.00      0.00      0.00        19
        9864       0.00      0.00      0.00        23
        9865       0.00      0.00      0.00        30
        9866       0.00      0.00      0.00        30
        9867       0.00      0.00      0.00        20
        9868       0.00      0.00      0.00        30
        9869       0.00      0.00      0.00        24
        9870       0.00      0.00      0.00        30
        9871       0.00      0.00      0.00        20
        9872       0.00      0.00      0.00        16
        9873       0.00      0.00      0.00        29
        9874       0.00      0.00      0.00        21
        9875       0.00      0.00      0.00        20
        9876       0.00      0.00      0.00        30
        9877       0.00      0.00      0.00        30
        9878       0.00      0.00      0.00        30
        9879       0.00      0.00      0.00        30
        9880       0.00      0.00      0.00        30
        9881       0.00      0.00      0.00        29
        9882       0.00      0.00      0.00        30
        9883       0.00      0.00      0.00        18
        9884       0.00      0.00      0.00         7
        9885       0.00      0.00      0.00        26
        9886       0.00      0.00      0.00        30
        9887       0.00      0.00      0.00         2
        9888       0.00      0.00      0.00        30
        9889       0.00      0.00      0.00        23
        9890       0.00      0.00      0.00        19
        9891       0.00      0.00      0.00        28
        9892       0.00      0.00      0.00        30
        9893       0.00      0.00      0.00         2
        9894       0.00      0.00      0.00         3
        9895       0.00      0.00      0.00        12
        9896       0.00      0.00      0.00        27
        9897       0.00      0.00      0.00        13
        9898       0.00      0.00      0.00        28
        9899       0.00      0.00      0.00        17
        9900       0.00      0.00      0.00        30
        9901       0.00      0.00      0.00         7
        9902       0.00      0.00      0.00         8
        9903       0.00      0.00      0.00         5
        9904       0.00      0.00      0.00        24
        9905       0.00      0.00      0.00        25
        9906       0.00      0.00      0.00        30
        9907       0.00      0.00      0.00         3
        9908       0.00      0.00      0.00        17
        9909       0.00      0.00      0.00        30
        9910       0.00      0.00      0.00         4
        9911       0.00      0.00      0.00        14
        9912       0.00      0.00      0.00        12
        9913       0.00      0.00      0.00        30
        9914       0.00      0.00      0.00        23
        9915       0.00      0.00      0.00        19
        9916       0.00      0.00      0.00        26
        9917       0.00      0.00      0.00        12
        9918       0.00      0.00      0.00        20
        9919       0.00      0.00      0.00        16
        9920       0.00      0.00      0.00        30
        9921       0.00      0.00      0.00        30
        9922       0.00      0.00      0.00        30
        9923       0.00      0.00      0.00         1
        9924       0.00      0.00      0.00         5
        9925       0.00      0.00      0.00        29
        9926       0.00      0.00      0.00        10
        9927       0.00      0.00      0.00         6
        9928       0.00      0.00      0.00        28
        9929       0.00      0.00      0.00        13
        9930       0.00      0.00      0.00         7
        9931       0.00      0.00      0.00        12
        9932       0.00      0.00      0.00        10
        9933       0.00      0.00      0.00        30
        9934       0.00      0.00      0.00        20
        9935       0.00      0.00      0.00        17
        9936       0.00      0.00      0.00        24
        9937       0.00      0.00      0.00        24
        9938       0.00      0.00      0.00        29
        9939       0.00      0.00      0.00        18
        9940       0.00      0.00      0.00        25
        9941       0.00      0.00      0.00        30
        9942       0.00      0.00      0.00        21
        9943       0.00      0.00      0.00        30
        9944       0.00      0.00      0.00        20
        9945       0.00      0.00      0.00        30
        9946       0.00      0.00      0.00        29
        9947       0.00      0.00      0.00        14
        9948       0.00      0.00      0.00        15
        9949       0.00      0.00      0.00        30
        9950       0.00      0.00      0.00        29
        9951       0.00      0.00      0.00        24
        9952       0.00      0.00      0.00        30
        9953       0.00      0.00      0.00        30
        9954       0.00      0.00      0.00        22
        9955       0.00      0.00      0.00        25
        9956       0.00      0.00      0.00         2
        9957       0.00      0.00      0.00        14
        9958       0.00      0.00      0.00         7
        9959       0.00      0.00      0.00        29
        9960       0.00      0.00      0.00         9
        9961       0.00      0.00      0.00        20
        9962       0.00      0.00      0.00         5
        9963       0.00      0.00      0.00         6
        9964       0.00      0.00      0.00        30
        9965       0.00      0.00      0.00        30
        9966       0.00      0.00      0.00        18
        9967       0.00      0.00      0.00        30
        9968       0.00      0.00      0.00        30
        9969       0.00      0.00      0.00        11
        9970       0.00      0.00      0.00        30
        9971       0.00      0.00      0.00         7
        9972       0.00      0.00      0.00        24
        9973       0.00      0.00      0.00        23
        9974       0.00      0.00      0.00        20
        9975       0.00      0.00      0.00        20
        9976       0.00      0.00      0.00        30
        9977       0.00      0.00      0.00         2
        9978       0.00      0.00      0.00         4
        9979       0.00      0.00      0.00        22
        9980       0.00      0.00      0.00        30
        9981       0.00      0.00      0.00         4
        9982       0.00      0.00      0.00        20
        9983       0.00      0.00      0.00         9
        9984       0.00      0.00      0.00        21
        9985       0.00      0.00      0.00        20
        9986       0.00      0.00      0.00        25
        9987       0.00      0.00      0.00        21
        9988       0.00      0.00      0.00         9
        9989       0.00      0.00      0.00        22
        9990       0.00      0.00      0.00        30
        9991       0.00      0.00      0.00        24
        9992       0.00      0.00      0.00        29
        9993       0.00      0.00      0.00         4
        9994       0.00      0.00      0.00         3
        9995       0.00      0.00      0.00         6
        9996       0.00      0.00      0.00        20
        9997       0.00      0.00      0.00        18
        9998       0.00      0.00      0.00        12
        9999       0.00      0.00      0.00         9
       10000       0.00      0.00      0.00        29
       10001       0.00      0.00      0.00        31
       10002       0.00      0.00      0.00        30
       10003       0.00      0.00      0.00        23
       10004       0.00      0.00      0.00        30
       10005       0.00      0.00      0.00         9
       10006       0.00      0.00      0.00         8
       10007       0.00      0.00      0.00         4
       10008       0.00      0.00      0.00        22
       10009       0.00      0.00      0.00        30
       10010       0.00      0.00      0.00        10
       10011       0.00      0.00      0.00        30
       10012       0.00      0.00      0.00        30
       10013       0.00      0.00      0.00         8
       10014       0.00      0.00      0.00        19
       10015       0.00      0.00      0.00        13
       10016       0.00      0.00      0.00        29
       10017       0.00      0.00      0.00        24
       10018       0.00      0.00      0.00        19
       10019       0.00      0.00      0.00        29
       10020       0.00      0.00      0.00         2
       10021       0.00      0.00      0.00        29
       10022       0.00      0.00      0.00        30
       10023       0.00      0.00      0.00         1
       10024       0.00      0.00      0.00        14
       10025       0.00      0.00      0.00         4
       10026       0.00      0.00      0.00        19
       10027       0.00      0.00      0.00        30
       10028       0.00      0.00      0.00        10
       10029       0.00      0.00      0.00        28
       10030       0.00      0.00      0.00        10
       10031       0.00      0.00      0.00         5
       10032       0.00      0.00      0.00         8
       10033       0.00      0.00      0.00        30
       10034       0.00      0.00      0.00        15
       10035       0.00      0.00      0.00        10
       10036       0.00      0.00      0.00         5
       10037       0.00      0.00      0.00        23
       10038       0.00      0.00      0.00        30
       10039       0.00      0.00      0.00        16
       10040       0.00      0.00      0.00        16
       10041       0.00      0.00      0.00        14
       10042       0.00      0.00      0.00        30
       10043       0.00      0.00      0.00        19
       10044       0.00      0.00      0.00        30
       10045       0.00      0.00      0.00         8
       10046       0.00      0.00      0.00         3
       10047       0.00      0.00      0.00         8
       10048       0.00      0.00      0.00        28
       10049       0.00      0.00      0.00        28
       10050       0.00      0.00      0.00        25
       10051       0.00      0.00      0.00        30
       10052       0.00      0.00      0.00        20
       10053       0.00      0.00      0.00        20
       10054       0.00      0.00      0.00         7
       10055       0.00      0.00      0.00        13
       10056       0.00      0.00      0.00         6
       10057       0.00      0.00      0.00         2
       10058       0.00      0.00      0.00         4
       10059       0.00      0.00      0.00         9
       10060       0.00      0.00      0.00         8
       10061       0.00      0.00      0.00         8
       10062       0.00      0.00      0.00        20
       10063       0.00      0.00      0.00        20
       10064       0.00      0.00      0.00        20
       10065       0.00      0.00      0.00         2
       10066       0.00      0.00      0.00        21
       10067       0.00      0.00      0.00        20
       10068       0.00      0.00      0.00        10
       10069       0.00      0.00      0.00        13
       10070       0.00      0.00      0.00        30
       10071       0.00      0.00      0.00        19
       10072       0.00      0.00      0.00         8
       10073       0.00      0.00      0.00         8
       10074       0.00      0.00      0.00         2
       10075       0.00      0.00      0.00         8
       10076       0.00      0.00      0.00         4
       10077       0.00      0.00      0.00        20
       10078       0.00      0.00      0.00        30
       10079       0.00      0.00      0.00        30
       10080       0.00      0.00      0.00        20
       10081       0.00      0.00      0.00        21
       10082       0.00      0.00      0.00         4
       10083       0.00      0.00      0.00        21
       10084       0.00      0.00      0.00        30
       10085       0.00      0.00      0.00        10
       10086       0.00      0.00      0.00        30
       10087       0.00      0.00      0.00        30
       10088       0.00      0.00      0.00        20
       10089       0.00      0.00      0.00        30
       10090       0.00      0.00      0.00        10
       10091       0.00      0.00      0.00        30
       10092       0.00      0.00      0.00        14
       10093       0.00      0.00      0.00        30
       10094       0.00      0.00      0.00        30
       10095       0.00      0.00      0.00        23
       10096       0.00      0.00      0.00        30
       10097       0.00      0.00      0.00        30
       10098       0.00      0.00      0.00         7
       10099       0.00      0.00      0.00        30
       10100       0.00      0.00      0.00        30
       10101       0.00      0.00      0.00        21
       10102       0.00      0.00      0.00        20
       10103       0.00      0.00      0.00        24
       10104       0.00      0.00      0.00        24
       10105       0.00      0.00      0.00        29
       10106       0.00      0.00      0.00        30
       10107       0.00      0.00      0.00        15
       10108       0.00      0.00      0.00        29
       10109       0.00      0.00      0.00        22
       10110       0.00      0.00      0.00        19
       10111       0.00      0.00      0.00        21
       10112       0.00      0.00      0.00        16
       10113       0.00      0.00      0.00        21
       10114       0.00      0.00      0.00         6
       10115       0.00      0.00      0.00         2
       10116       0.00      0.00      0.00        30
       10117       0.00      0.00      0.00        30
       10118       0.00      0.00      0.00        30
       10119       0.00      0.00      0.00        20
       10120       0.00      0.00      0.00        20
       10121       0.00      0.00      0.00        20
       10122       0.00      0.00      0.00         4
       10123       0.00      0.00      0.00        30
       10124       0.00      0.00      0.00        12
       10125       0.00      0.00      0.00         9
       10126       0.00      0.00      0.00        24
       10127       0.00      0.00      0.00        21
       10128       0.00      0.00      0.00         8
       10129       0.00      0.00      0.00        14
       10130       0.00      0.00      0.00         4
       10131       0.00      0.00      0.00         4
       10132       0.00      0.00      0.00        10
       10133       0.00      0.00      0.00         5
       10134       0.00      0.00      0.00         3
       10135       0.00      0.00      0.00         6
       10136       0.00      0.00      0.00        30
       10137       0.00      0.00      0.00         4
       10138       0.00      0.00      0.00        23
       10139       0.04      0.43      0.07        30
       10140       0.00      0.00      0.00         1
       10141       0.00      0.00      0.00        30
       10142       0.00      0.00      0.00        14
       10143       0.00      0.00      0.00         4
       10144       0.00      0.00      0.00        30
       10145       0.00      0.00      0.00         6
       10146       0.00      0.00      0.00        16
       10147       0.00      0.00      0.00        21
       10148       0.00      0.00      0.00         7
       10149       0.00      0.00      0.00         4
       10150       0.00      0.00      0.00        24
       10151       0.00      0.00      0.00         4
       10152       0.00      0.00      0.00        25
       10153       0.00      0.00      0.00        22
       10154       0.00      0.00      0.00        30
       10155       0.00      0.00      0.00        10
       10156       0.00      0.00      0.00         2
       10157       0.00      0.00      0.00        24
       10158       0.00      0.00      0.00        18
       10159       0.00      0.00      0.00        30
       10160       0.00      0.00      0.00        30
       10161       0.00      0.00      0.00        25
       10162       0.00      0.00      0.00        30
       10163       0.01      0.10      0.02        30
       10164       0.00      0.00      0.00        29
       10165       0.00      0.00      0.00        20
       10166       0.00      0.00      0.00        29
       10167       0.00      0.00      0.00        24
       10168       0.00      0.00      0.00        19
       10169       0.00      0.00      0.00        12
       10170       0.00      0.00      0.00        11
       10171       0.00      0.00      0.00        25
       10172       0.00      0.00      0.00         5
       10173       0.00      0.00      0.00        16
       10174       0.00      0.00      0.00        17
       10175       0.00      0.00      0.00        20
       10176       0.00      0.00      0.00         5

    accuracy                           0.00     20259
   macro avg       0.00      0.00      0.00     20259
weighted avg       0.00      0.00      0.00     20259
