RELATÓRIO DE DESEMPENHO - FASE 4 V2 REFINADO
==================================================
              precision    recall  f1-score   support

     p_10000       0.00      0.00      0.00         0
     p_10010       0.00      0.00      0.00         0
     p_10014       0.00      0.00      0.00         0
     p_10015       0.00      0.00      0.00         0
     p_10021       0.00      0.00      0.00         0
     p_10029       0.00      0.00      0.00         0
     p_10032       0.00      0.00      0.00         0
     p_10042       0.00      0.00      0.00         0
     p_10044       0.00      0.00      0.00         0
     p_10050       0.00      0.00      0.00         0
     p_10071       0.00      0.00      0.00         0
      p_1008       0.00      0.00      0.00         0
     p_10080       0.00      0.00      0.00         0
     p_10082       0.00      0.00      0.00         0
     p_10085       0.00      0.00      0.00         0
     p_10086       0.00      0.00      0.00         0
     p_10087       0.00      0.00      0.00         0
     p_10089       0.00      0.00      0.00         0
     p_10093       0.00      0.00      0.00         0
     p_10095       0.00      0.00      0.00         0
     p_10130       0.00      0.00      0.00         0
     p_10134       0.00      0.00      0.00         0
     p_10135       0.00      0.00      0.00         0
      p_1014       0.00      0.00      0.00         0
     p_10143       0.00      0.00      0.00         0
     p_10144       0.00      0.00      0.00         0
     p_10156       0.00      0.00      0.00         0
     p_10159       0.00      0.00      0.00         0
     p_10160       0.00      0.00      0.00         0
     p_10163       0.00      0.00      0.00         0
      p_1033       0.00      0.00      0.00         0
      p_1034       0.00      0.00      0.00         0
      p_1035       0.00      0.00      0.00         0
      p_1050       0.00      0.00      0.00         0
      p_1054       0.00      0.00      0.00         0
      p_1062       0.00      0.00      0.00         0
      p_1092       0.00      0.00      0.00         0
      p_1137       0.00      0.00      0.00         0
      p_1153       0.00      0.00      0.00         0
      p_1170       0.00      0.00      0.00         0
      p_1175       0.00      0.00      0.00         0
      p_1204       0.00      0.00      0.00         0
      p_1213       0.00      0.00      0.00         0
      p_1221       0.00      0.00      0.00         0
      p_1223       0.00      0.00      0.00         0
      p_1228       0.00      0.00      0.00         0
      p_1245       0.00      0.00      0.00         0
      p_1246       0.00      0.00      0.00         0
      p_1250       0.00      0.00      0.00         0
      p_1258       0.00      0.00      0.00         0
      p_1264       0.00      0.00      0.00         0
      p_1272       0.00      0.00      0.00         0
      p_1279       0.00      0.00      0.00         0
      p_1281       0.00      0.00      0.00         0
      p_1287       0.00      0.00      0.00         0
      p_1289       0.00      0.00      0.00         0
      p_1297       0.00      0.00      0.00         0
      p_1301       0.00      0.00      0.00         0
      p_1305       0.00      0.00      0.00         0
      p_1318       0.00      0.00      0.00         0
      p_1322       0.00      0.00      0.00         0
      p_1326       0.00      0.00      0.00         0
      p_1336       0.00      0.00      0.00         0
      p_1339       0.00      0.00      0.00         0
      p_1351       0.00      0.00      0.00         0
      p_1361       0.00      0.00      0.00         0
      p_1362       0.00      0.00      0.00         0
      p_1368       0.00      0.00      0.00         0
      p_1371       0.00      0.00      0.00         0
      p_1373       0.00      0.00      0.00         0
      p_1383       0.00      0.00      0.00         0
      p_1392       0.00      0.00      0.00         0
       p_142       0.00      0.00      0.00         0
      p_1422       0.00      0.00      0.00         0
      p_1423       0.00      0.00      0.00         0
      p_1435       0.00      0.00      0.00         0
      p_1446       0.00      0.00      0.00         0
      p_1448       0.00      0.00      0.00         0
      p_1467       0.00      0.00      0.00         0
       p_147       0.00      0.00      0.00         0
      p_1472       0.00      0.00      0.00         0
      p_1496       0.00      0.00      0.00         0
      p_1499       0.00      0.00      0.00         0
      p_1513       0.00      0.00      0.00         0
      p_1524       0.00      0.00      0.00         0
      p_1531       0.00      0.00      0.00         0
      p_1535       0.00      0.00      0.00         0
      p_1537       0.00      0.00      0.00         0
      p_1565       0.00      0.00      0.00         0
      p_1566       0.00      0.00      0.00         0
      p_1568       0.00      0.00      0.00         0
      p_1585       0.00      0.00      0.00         0
       p_160       0.00      0.00      0.00         0
      p_1601       0.00      0.00      0.00         0
      p_1603       0.00      0.00      0.00         0
      p_1611       0.00      0.00      0.00         0
      p_1614       0.00      0.00      0.00         0
      p_1633       0.00      0.00      0.00         0
      p_1634       0.00      0.00      0.00         0
      p_1646       0.00      0.00      0.00         0
      p_1648       0.00      0.00      0.00         0
      p_1649       0.00      0.00      0.00         0
      p_1672       0.00      0.00      0.00         0
      p_1686       0.00      0.00      0.00         0
      p_1691       0.00      0.00      0.00         0
      p_1696       0.00      0.00      0.00         0
        p_17       0.00      0.00      0.00         0
      p_1700       0.00      0.00      0.00         0
      p_1711       0.00      0.00      0.00         0
      p_1723       0.00      0.00      0.00         0
      p_1725       0.00      0.00      0.00         0
      p_1726       0.00      0.00      0.00         0
      p_1731       0.00      0.00      0.00         0
      p_1757       0.00      0.00      0.00         0
      p_1761       0.00      0.00      0.00         0
      p_1793       0.00      0.00      0.00         0
      p_1811       0.00      0.00      0.00         0
      p_1815       0.00      0.00      0.00         0
      p_1817       0.00      0.00      0.00         0
      p_1844       0.00      0.00      0.00         0
      p_1852       0.00      0.00      0.00         0
      p_1854       0.00      0.00      0.00         0
      p_1862       0.00      0.00      0.00         0
      p_1871       0.00      0.00      0.00         0
      p_1875       0.00      0.00      0.00         0
      p_1885       0.00      0.00      0.00         0
      p_1886       0.00      0.00      0.00         0
      p_1929       0.00      0.00      0.00         0
      p_1936       0.00      0.00      0.00         0
      p_1938       0.00      0.00      0.00         0
      p_1946       0.00      0.00      0.00         0
      p_1947       0.00      0.00      0.00         0
      p_1951       0.00      0.00      0.00         0
      p_1956       0.00      0.00      0.00         0
      p_1960       0.00      0.00      0.00         0
      p_1962       0.00      0.00      0.00         0
      p_1984       0.00      0.00      0.00         0
      p_1986       0.00      0.00      0.00         0
      p_1994       0.00      0.00      0.00         0
      p_1996       0.00      0.00      0.00         0
      p_1997       0.00      0.00      0.00         0
      p_2006       0.00      0.00      0.00         0
      p_2015       0.00      0.00      0.00         0
      p_2026       0.00      0.00      0.00         0
      p_2030       0.00      0.00      0.00         0
      p_2031       0.00      0.00      0.00         0
      p_2054       0.00      0.00      0.00         0
      p_2055       0.00      0.00      0.00         0
      p_2063       0.00      0.00      0.00         0
      p_2066       0.00      0.00      0.00         0
      p_2072       0.00      0.00      0.00         0
      p_2079       0.00      0.00      0.00         0
      p_2086       0.00      0.00      0.00         0
      p_2097       0.00      0.00      0.00         0
        p_21       0.00      0.00      0.00         0
      p_2114       0.00      0.00      0.00         0
      p_2120       0.00      0.00      0.00         0
      p_2125       0.00      0.00      0.00         0
      p_2134       0.00      0.00      0.00         0
      p_2136       0.00      0.00      0.00         0
      p_2150       0.00      0.00      0.00         0
      p_2156       0.00      0.00      0.00         0
      p_2158       0.00      0.00      0.00         0
      p_2160       0.00      0.00      0.00         0
      p_2168       0.00      0.00      0.00         0
      p_2173       0.00      0.00      0.00         0
      p_2193       0.00      0.00      0.00         0
        p_22       0.00      0.00      0.00         0
       p_220       0.00      0.00      0.00         0
      p_2201       0.00      0.00      0.00         0
      p_2219       0.00      0.00      0.00         0
      p_2221       0.00      0.00      0.00         0
      p_2231       0.00      0.00      0.00         0
      p_2235       0.00      0.00      0.00         0
      p_2236       0.00      0.00      0.00         0
      p_2238       0.00      0.00      0.00         0
      p_2239       0.00      0.00      0.00         0
      p_2242       0.00      0.00      0.00         0
      p_2243       0.00      0.00      0.00         0
      p_2245       0.00      0.00      0.00         0
      p_2249       0.00      0.00      0.00         0
      p_2250       0.00      0.00      0.00         0
      p_2253       0.00      0.00      0.00         0
      p_2263       0.00      0.00      0.00         0
      p_2301       0.00      0.00      0.00         0
      p_2307       0.00      0.00      0.00         0
      p_2314       0.00      0.00      0.00         0
      p_2325       0.00      0.00      0.00         0
      p_2331       0.00      0.00      0.00         0
      p_2334       0.00      0.00      0.00         0
      p_2335       0.00      0.00      0.00         0
       p_234       0.00      0.00      0.00         0
      p_2425       0.00      0.00      0.00         0
      p_2433       0.00      0.00      0.00         0
      p_2443       0.00      0.00      0.00         0
      p_2445       0.00      0.00      0.00         0
      p_2451       0.00      0.00      0.00         0
      p_2461       0.00      0.00      0.00         0
      p_2463       0.00      0.00      0.00         0
      p_2464       0.00      0.00      0.00         0
      p_2472       0.00      0.00      0.00         0
      p_2484       0.00      0.00      0.00         0
      p_2507       0.00      0.00      0.00         0
      p_2509       0.00      0.00      0.00         0
      p_2518       0.00      0.00      0.00         0
      p_2520       0.00      0.00      0.00         0
      p_2522       0.00      0.00      0.00         0
      p_2524       0.00      0.00      0.00         0
      p_2537       0.00      0.00      0.00         0
      p_2550       0.00      0.00      0.00         0
      p_2562       0.00      0.00      0.00         0
      p_2580       0.00      0.00      0.00         0
      p_2602       0.00      0.00      0.00         0
      p_2611       0.00      0.00      0.00         0
      p_2613       0.00      0.00      0.00         0
       p_273       0.00      0.00      0.00         0
      p_2761       0.00      0.00      0.00         0
      p_2791       0.00      0.00      0.00         0
      p_2792       0.00      0.00      0.00         0
      p_2793       0.00      0.00      0.00         0
      p_2808       0.00      0.00      0.00         0
      p_2813       0.00      0.00      0.00         0
      p_2820       0.00      0.00      0.00         0
      p_2844       0.00      0.00      0.00         0
      p_2847       0.00      0.00      0.00         0
      p_2861       0.00      0.00      0.00         0
      p_2863       0.00      0.00      0.00         0
      p_2879       0.00      0.00      0.00         0
      p_2880       0.00      0.00      0.00         0
      p_2883       0.00      0.00      0.00         0
      p_2887       0.00      0.00      0.00         0
      p_2897       0.00      0.00      0.00         0
      p_2910       0.00      0.00      0.00         0
      p_2914       0.00      0.00      0.00         0
      p_2921       0.00      0.00      0.00         0
      p_2926       0.00      0.00      0.00         0
      p_2930       0.00      0.00      0.00         0
      p_2937       0.00      0.00      0.00         0
      p_2952       0.00      0.00      0.00         0
      p_2960       0.00      0.00      0.00         0
      p_2965       0.00      0.00      0.00         0
      p_2969       0.00      0.00      0.00         0
      p_2984       0.00      0.00      0.00         0
      p_2996       0.00      0.00      0.00         0
      p_3010       0.00      0.00      0.00         0
      p_3017       0.00      0.00      0.00         0
      p_3020       0.00      0.00      0.00         0
      p_3022       0.00      0.00      0.00         0
      p_3024       0.00      0.00      0.00         0
      p_3027       0.00      0.00      0.00         0
      p_3029       0.00      0.00      0.00         0
       p_303       0.00      0.00      0.00         0
      p_3034       0.00      0.00      0.00         0
      p_3047       0.00      0.00      0.00         0
      p_3052       0.00      0.00      0.00         0
      p_3055       0.00      0.00      0.00         0
      p_3067       0.00      0.00      0.00         0
      p_3080       0.00      0.00      0.00         0
      p_3081       0.00      0.00      0.00         0
      p_3084       0.00      0.00      0.00         0
      p_3090       0.00      0.00      0.00         0
      p_3098       0.00      0.00      0.00         0
      p_3118       0.00      0.00      0.00         0
      p_3129       0.00      0.00      0.00         0
      p_3130       0.00      0.00      0.00         0
      p_3135       0.00      0.00      0.00         0
      p_3148       0.00      0.00      0.00         0
      p_3149       0.00      0.00      0.00         0
      p_3166       0.00      0.00      0.00         0
      p_3167       0.00      0.00      0.00         0
      p_3175       0.00      0.00      0.00         0
       p_318       0.00      0.00      0.00         0
      p_3181       0.00      0.00      0.00         0
      p_3184       0.00      0.00      0.00         0
      p_3195       0.00      0.00      0.00         0
        p_32       0.00      0.00      0.00         0
      p_3203       0.00      0.00      0.00         0
      p_3212       0.00      0.00      0.00         0
      p_3227       0.00      0.00      0.00         0
      p_3238       0.00      0.00      0.00         0
      p_3263       0.00      0.00      0.00         0
      p_3272       0.00      0.00      0.00         0
      p_3279       0.00      0.00      0.00         0
      p_3280       0.00      0.00      0.00         0
      p_3312       0.00      0.00      0.00         0
      p_3316       0.00      0.00      0.00         0
      p_3317       0.00      0.00      0.00         0
      p_3325       0.00      0.00      0.00         0
      p_3328       0.00      0.00      0.00         0
      p_3332       0.00      0.00      0.00         0
      p_3338       0.00      0.00      0.00         0
       p_334       0.00      0.00      0.00         0
      p_3356       0.00      0.00      0.00         0
      p_3357       0.00      0.00      0.00         0
      p_3376       0.00      0.00      0.00         0
      p_3400       0.00      0.00      0.00         0
      p_3404       0.00      0.00      0.00         0
      p_3407       0.00      0.00      0.00         0
      p_3413       0.00      0.00      0.00         0
      p_3421       0.00      0.00      0.00         0
      p_3431       0.00      0.00      0.00         0
      p_3436       0.00      0.00      0.00         0
      p_3438       0.00      0.00      0.00         0
      p_3449       0.00      0.00      0.00         0
      p_3465       0.00      0.00      0.00         0
      p_3475       0.00      0.00      0.00         0
      p_3480       0.00      0.00      0.00         0
      p_3485       0.00      0.00      0.00         0
      p_3500       0.00      0.00      0.00         0
      p_3501       0.00      0.00      0.00         0
      p_3504       0.00      0.00      0.00         0
      p_3522       0.00      0.00      0.00         0
      p_3542       0.00      0.00      0.00         0
      p_3569       0.00      0.00      0.00         0
      p_3614       0.00      0.00      0.00         0
      p_3620       0.00      0.00      0.00         0
      p_3625       0.00      0.00      0.00         0
      p_3643       0.00      0.00      0.00         0
      p_3648       0.00      0.00      0.00         0
      p_3664       0.00      0.00      0.00         0
      p_3670       0.00      0.00      0.00         0
      p_3678       0.00      0.00      0.00         0
      p_3696       0.00      0.00      0.00         0
      p_3699       0.00      0.00      0.00         0
      p_3705       0.00      0.00      0.00         0
      p_3706       0.00      0.00      0.00         0
      p_3708       0.00      0.00      0.00         0
      p_3725       0.00      0.00      0.00         0
      p_3727       0.00      0.00      0.00         0
      p_3745       0.00      0.00      0.00         0
      p_3782       0.00      0.00      0.00         0
      p_3788       0.00      0.00      0.00         0
      p_3795       0.00      0.00      0.00         0
      p_3808       0.00      0.00      0.00         0
      p_3835       0.00      0.00      0.00         0
      p_3845       0.00      0.00      0.00         0
      p_3847       0.00      0.00      0.00         0
      p_3853       0.00      0.00      0.00         0
      p_3862       0.00      0.00      0.00         0
      p_3875       0.00      0.00      0.00         0
      p_3896       0.00      0.00      0.00         0
      p_3929       0.00      0.00      0.00         0
      p_3941       0.00      0.00      0.00         0
      p_3962       0.00      0.00      0.00         0
       p_397       0.00      0.00      0.00         0
      p_3981       0.00      0.00      0.00         0
      p_3986       0.00      0.00      0.00         0
      p_3994       0.00      0.00      0.00         0
      p_4014       0.00      0.00      0.00         0
      p_4027       0.00      0.00      0.00         0
      p_4028       0.00      0.00      0.00         0
      p_4031       0.00      0.00      0.00         0
      p_4048       0.00      0.00      0.00         0
      p_4051       0.00      0.00      0.00         0
      p_4080       0.00      0.00      0.00         0
      p_4087       0.00      0.00      0.00         0
      p_4094       0.00      0.00      0.00         0
      p_4099       0.00      0.00      0.00         0
      p_4125       0.00      0.00      0.00         0
      p_4126       0.00      0.00      0.00         0
      p_4135       0.00      0.00      0.00         0
      p_4138       0.00      0.00      0.00         0
      p_4146       0.00      0.00      0.00         0
      p_4150       0.00      0.00      0.00         0
      p_4151       0.00      0.00      0.00         0
      p_4153       0.00      0.00      0.00         0
      p_4161       0.00      0.00      0.00         0
      p_4166       0.00      0.00      0.00         0
       p_417       0.00      0.00      0.00         0
      p_4209       0.00      0.00      0.00         0
      p_4225       0.00      0.00      0.00         0
      p_4236       0.00      0.00      0.00         0
      p_4238       0.00      0.00      0.00         0
      p_4244       0.00      0.00      0.00         0
      p_4247       0.00      0.00      0.00         0
      p_4251       0.00      0.00      0.00         0
      p_4256       0.00      0.00      0.00         0
      p_4257       0.00      0.00      0.00         0
      p_4258       0.00      0.00      0.00         0
      p_4262       0.00      0.00      0.00         0
      p_4265       0.00      0.00      0.00         0
      p_4268       0.00      0.00      0.00         0
      p_4288       0.00      0.00      0.00         0
      p_4292       0.00      0.00      0.00         0
      p_4304       0.00      0.00      0.00         0
      p_4306       0.00      0.00      0.00         0
      p_4309       0.00      0.00      0.00         0
      p_4310       0.00      0.00      0.00         0
      p_4314       0.00      0.00      0.00         0
      p_4315       0.00      0.00      0.00         0
      p_4316       0.00      0.00      0.00         0
      p_4321       0.00      0.00      0.00         0
      p_4323       0.00      0.00      0.00         0
      p_4328       0.00      0.00      0.00         0
       p_433       0.00      0.00      0.00         0
      p_4334       0.00      0.00      0.00         0
      p_4373       0.00      0.00      0.00         0
      p_4374       0.00      0.00      0.00         0
      p_4393       0.00      0.00      0.00         0
      p_4395       0.00      0.00      0.00         0
      p_4407       0.00      0.00      0.00         0
      p_4414       0.00      0.00      0.00         0
      p_4424       0.00      0.00      0.00         0
      p_4433       0.00      0.00      0.00         0
      p_4436       0.00      0.00      0.00         0
      p_4437       0.00      0.00      0.00         0
      p_4438       0.00      0.00      0.00         0
      p_4446       0.00      0.00      0.00         0
      p_4447       0.00      0.00      0.00         0
      p_4448       0.00      0.00      0.00         0
      p_4472       0.00      0.00      0.00         0
      p_4483       0.00      0.00      0.00         0
       p_449       0.00      0.00      0.00         0
      p_4496       0.00      0.00      0.00         0
      p_4511       0.00      0.00      0.00         0
      p_4527       0.00      0.00      0.00         0
      p_4532       0.00      0.00      0.00         0
      p_4539       0.00      0.00      0.00         0
      p_4543       0.00      0.00      0.00         0
      p_4549       0.00      0.00      0.00         0
      p_4554       0.00      0.00      0.00         0
      p_4561       0.00      0.00      0.00         0
      p_4566       0.00      0.00      0.00         0
      p_4582       0.00      0.00      0.00         0
      p_4593       0.00      0.00      0.00         0
      p_4610       0.00      0.00      0.00         0
      p_4612       0.00      0.00      0.00         0
      p_4620       0.00      0.00      0.00         0
      p_4647       0.00      0.00      0.00         0
      p_4648       0.00      0.00      0.00         0
      p_4652       0.00      0.00      0.00         0
      p_4664       0.00      0.00      0.00         0
       p_467       0.00      0.00      0.00         0
      p_4686       0.00      0.00      0.00         0
      p_4687       0.00      0.00      0.00         0
      p_4691       0.00      0.00      0.00         0
      p_4692       0.00      0.00      0.00         0
        p_47       0.00      0.00      0.00         0
      p_4701       0.00      0.00      0.00         0
      p_4710       0.00      0.00      0.00         0
      p_4715       0.00      0.00      0.00         0
      p_4717       0.00      0.00      0.00         0
      p_4719       0.00      0.00      0.00         0
      p_4722       0.00      0.00      0.00         0
      p_4724       0.00      0.00      0.00         0
      p_4731       0.00      0.00      0.00         0
      p_4740       0.00      0.00      0.00         0
      p_4741       0.00      0.00      0.00         0
      p_4744       0.00      0.00      0.00         0
      p_4782       0.00      0.00      0.00         0
      p_4808       0.00      0.00      0.00         0
      p_4811       0.00      0.00      0.00         0
      p_4814       0.00      0.00      0.00         0
      p_4819       0.00      0.00      0.00         0
      p_4824       0.00      0.00      0.00         0
      p_4832       0.00      0.00      0.00         0
      p_4836       0.00      0.00      0.00         0
      p_4842       0.00      0.00      0.00         0
      p_4852       0.00      0.00      0.00         0
      p_4863       0.00      0.00      0.00         0
       p_487       0.00      0.00      0.00         0
      p_4872       0.00      0.00      0.00         0
      p_4876       0.00      0.00      0.00         0
      p_4884       0.00      0.00      0.00         0
      p_4887       0.00      0.00      0.00         0
      p_4905       0.00      0.00      0.00         0
      p_4908       0.00      0.00      0.00         0
      p_4913       0.00      0.00      0.00         0
      p_4914       0.00      0.00      0.00         0
      p_4916       0.00      0.00      0.00         0
       p_492       0.00      0.00      0.00         0
      p_4923       0.00      0.00      0.00         0
      p_4924       0.00      0.00      0.00         0
      p_4936       0.00      0.00      0.00         0
      p_4945       0.00      0.00      0.00         0
      p_4950       0.00      0.00      0.00         0
      p_4951       0.00      0.00      0.00         0
      p_4955       0.00      0.00      0.00         0
      p_4959       0.00      0.00      0.00         0
       p_496       0.00      0.00      0.00         0
      p_4960       0.00      0.00      0.00         0
      p_4975       0.00      0.00      0.00         0
      p_4978       0.00      0.00      0.00         0
      p_4987       0.00      0.00      0.00         0
      p_4988       0.00      0.00      0.00         0
      p_4991       0.00      0.00      0.00         0
      p_5007       0.00      0.00      0.00         0
      p_5018       0.00      0.00      0.00         0
      p_5020       0.00      0.00      0.00         0
      p_5025       0.00      0.00      0.00         0
      p_5040       0.00      0.00      0.00         0
      p_5042       0.00      0.00      0.00         0
      p_5046       0.00      0.00      0.00         0
      p_5047       0.00      0.00      0.00         0
      p_5050       0.00      0.00      0.00         0
      p_5086       0.00      0.00      0.00         0
      p_5088       0.00      0.00      0.00         0
      p_5093       0.00      0.00      0.00         0
      p_5094       0.00      0.00      0.00         0
      p_5122       0.00      0.00      0.00         0
      p_5127       0.00      0.00      0.00         0
      p_5131       0.00      0.00      0.00         0
      p_5138       0.00      0.00      0.00         0
      p_5140       0.00      0.00      0.00         0
      p_5145       0.00      0.00      0.00         0
      p_5147       0.00      0.00      0.00         0
      p_5151       0.00      0.00      0.00         0
      p_5157       0.00      0.00      0.00         0
       p_516       0.00      0.00      0.00         0
      p_5165       0.00      0.00      0.00         0
      p_5173       0.00      0.00      0.00         0
      p_5176       0.00      0.00      0.00         0
      p_5178       0.00      0.00      0.00         0
      p_5181       0.00      0.00      0.00         0
      p_5182       0.00      0.00      0.00         0
      p_5187       0.00      0.00      0.00         0
      p_5189       0.00      0.00      0.00         0
      p_5190       0.00      0.00      0.00         0
      p_5193       0.00      0.00      0.00         0
      p_5200       0.00      0.00      0.00         0
      p_5204       0.00      0.00      0.00         0
      p_5225       0.00      0.00      0.00         0
      p_5234       0.00      0.00      0.00         0
      p_5235       0.00      0.00      0.00         0
      p_5238       0.00      0.00      0.00         0
      p_5239       0.00      0.00      0.00         0
      p_5240       0.00      0.00      0.00         0
      p_5243       0.00      0.00      0.00         0
      p_5246       0.00      0.00      0.00         0
      p_5247       0.00      0.00      0.00         0
      p_5262       0.00      0.00      0.00         0
      p_5264       0.00      0.00      0.00         0
      p_5287       0.00      0.00      0.00         0
      p_5291       0.00      0.00      0.00         0
      p_5303       0.00      0.00      0.00         0
      p_5310       0.00      0.00      0.00         0
      p_5311       0.00      0.00      0.00         0
      p_5318       0.00      0.00      0.00         0
      p_5320       0.00      0.00      0.00         0
      p_5321       0.00      0.00      0.00         0
      p_5326       0.00      0.00      0.00         0
      p_5329       0.00      0.00      0.00         0
      p_5334       0.00      0.00      0.00         0
       p_534       0.00      0.00      0.00         0
      p_5341       0.00      0.00      0.00         0
      p_5342       0.00      0.00      0.00         0
      p_5344       0.00      0.00      0.00         0
      p_5353       0.00      0.00      0.00         0
      p_5361       0.00      0.00      0.00         0
      p_5375       0.00      0.00      0.00         0
      p_5382       0.00      0.00      0.00         0
      p_5391       0.00      0.00      0.00         0
      p_5394       0.00      0.00      0.00         0
      p_5407       0.00      0.00      0.00         0
      p_5415       0.00      0.00      0.00         0
      p_5416       0.00      0.00      0.00         0
      p_5447       0.00      0.00      0.00         0
       p_545       0.00      0.00      0.00         0
      p_5450       0.00      0.00      0.00         0
      p_5451       0.00      0.00      0.00         0
      p_5459       0.00      0.00      0.00         0
      p_5472       0.00      0.00      0.00         0
      p_5474       0.00      0.00      0.00         0
      p_5479       0.00      0.00      0.00         0
      p_5488       0.00      0.00      0.00         0
      p_5489       0.00      0.00      0.00         0
      p_5491       0.00      0.00      0.00         0
      p_5507       0.00      0.00      0.00         0
      p_5509       0.00      0.00      0.00         0
      p_5512       0.00      0.00      0.00         0
      p_5530       0.00      0.00      0.00         0
      p_5532       0.00      0.00      0.00         0
      p_5537       0.00      0.00      0.00         0
      p_5543       0.00      0.00      0.00         0
      p_5549       0.00      0.00      0.00         0
      p_5566       0.00      0.00      0.00         0
      p_5569       0.00      0.00      0.00         0
      p_5578       0.00      0.00      0.00         0
      p_5582       0.00      0.00      0.00         0
      p_5609       0.00      0.00      0.00         0
      p_5611       0.00      0.00      0.00         0
      p_5625       0.00      0.00      0.00         0
      p_5635       0.00      0.00      0.00         0
      p_5638       0.00      0.00      0.00         0
       p_565       0.00      0.00      0.00         0
       p_567       0.00      0.00      0.00         0
      p_5672       0.00      0.00      0.00         0
      p_5679       0.00      0.00      0.00         0
      p_5702       0.00      0.00      0.00         0
      p_5703       0.00      0.00      0.00         0
      p_5704       0.00      0.00      0.00         0
      p_5706       0.00      0.00      0.00         0
      p_5715       0.00      0.00      0.00         0
      p_5729       0.00      0.00      0.00         0
      p_5747       0.00      0.00      0.00         0
      p_5765       0.00      0.00      0.00         0
      p_5775       0.00      0.00      0.00         0
      p_5784       0.00      0.00      0.00         0
      p_5787       0.00      0.00      0.00         0
      p_5794       0.00      0.00      0.00         0
      p_5805       0.00      0.00      0.00         0
      p_5815       0.00      0.00      0.00         0
      p_5833       0.00      0.00      0.00         0
      p_5866       0.00      0.00      0.00         0
      p_5883       0.00      0.00      0.00         0
        p_59       0.00      0.00      0.00         0
      p_5902       0.00      0.00      0.00         0
      p_5903       0.00      0.00      0.00         0
      p_5921       0.00      0.00      0.00         0
      p_5932       0.00      0.00      0.00         0
      p_5951       0.00      0.00      0.00         0
      p_5953       0.00      0.00      0.00         0
      p_5960       0.00      0.00      0.00         0
      p_6002       0.00      0.00      0.00         0
      p_6005       0.00      0.00      0.00         0
      p_6023       0.00      0.00      0.00         0
      p_6025       0.00      0.00      0.00         0
      p_6031       0.00      0.00      0.00         0
      p_6036       0.00      0.00      0.00         0
      p_6043       0.00      0.00      0.00         0
      p_6059       0.00      0.00      0.00         0
      p_6065       0.00      0.00      0.00         0
      p_6066       0.00      0.00      0.00         0
      p_6077       0.00      0.00      0.00         0
      p_6079       0.00      0.00      0.00         0
      p_6087       0.00      0.00      0.00         0
      p_6100       0.00      0.00      0.00         0
      p_6110       0.00      0.00      0.00         0
      p_6134       0.00      0.00      0.00         0
       p_614       0.00      0.00      0.00         0
      p_6141       0.00      0.00      0.00         0
      p_6145       0.00      0.00      0.00         0
      p_6151       0.00      0.00      0.00         0
      p_6155       0.00      0.00      0.00         0
      p_6159       0.00      0.00      0.00         0
      p_6161       0.00      0.00      0.00         0
      p_6162       0.00      0.00      0.00         0
      p_6163       0.00      0.00      0.00         0
      p_6164       0.00      0.00      0.00         0
      p_6165       0.00      0.00      0.00         0
      p_6180       0.00      0.00      0.00         0
      p_6181       0.00      0.00      0.00         0
      p_6182       0.00      0.00      0.00         0
      p_6188       0.00      0.00      0.00         0
      p_6191       0.00      0.00      0.00         0
      p_6200       0.00      0.00      0.00         0
      p_6204       0.00      0.00      0.00         0
      p_6232       0.00      0.00      0.00         0
      p_6235       0.00      0.00      0.00         0
      p_6241       0.00      0.00      0.00         0
      p_6263       0.00      0.00      0.00         0
      p_6280       0.00      0.00      0.00         0
      p_6282       0.00      0.00      0.00         0
      p_6286       0.00      0.00      0.00         0
      p_6288       0.00      0.00      0.00         0
      p_6291       0.00      0.00      0.00         0
      p_6292       0.00      0.00      0.00         0
      p_6298       0.00      0.00      0.00         0
      p_6300       0.00      0.00      0.00         0
      p_6305       0.00      0.00      0.00         0
      p_6308       0.00      0.00      0.00         0
      p_6311       0.00      0.00      0.00         0
      p_6314       0.00      0.00      0.00         0
      p_6316       0.00      0.00      0.00         0
      p_6318       0.00      0.00      0.00         0
       p_632       0.00      0.00      0.00         0
      p_6320       0.00      0.00      0.00         0
      p_6327       0.00      0.00      0.00         0
      p_6330       0.00      0.00      0.00         0
      p_6340       0.00      0.00      0.00         0
      p_6346       0.00      0.00      0.00         0
      p_6351       0.00      0.00      0.00         0
      p_6353       0.00      0.00      0.00         0
      p_6354       0.00      0.00      0.00         0
      p_6359       0.00      0.00      0.00         0
      p_6361       0.00      0.00      0.00         0
      p_6363       0.00      0.00      0.00         0
      p_6369       0.00      0.00      0.00         0
      p_6387       0.00      0.00      0.00         0
      p_6394       0.00      0.00      0.00         0
      p_6398       0.00      0.00      0.00         0
      p_6404       0.00      0.00      0.00         0
      p_6412       0.00      0.00      0.00         0
      p_6417       0.00      0.00      0.00         0
      p_6427       0.00      0.00      0.00         0
      p_6439       0.00      0.00      0.00         0
      p_6440       0.00      0.00      0.00         0
      p_6449       0.00      0.00      0.00         0
      p_6458       0.00      0.00      0.00         0
      p_6461       0.00      0.00      0.00         0
      p_6492       0.00      0.00      0.00         0
        p_65       0.00      0.00      0.00         0
      p_6532       0.00      0.00      0.00         0
      p_6543       0.00      0.00      0.00         0
      p_6546       0.00      0.00      0.00         0
      p_6547       0.00      0.00      0.00         0
      p_6555       0.00      0.00      0.00         0
      p_6558       0.00      0.00      0.00         0
      p_6562       0.00      0.00      0.00         0
      p_6563       0.00      0.00      0.00         0
      p_6565       0.00      0.00      0.00         0
      p_6568       0.00      0.00      0.00         0
        p_66       0.00      0.00      0.00         0
      p_6603       0.00      0.00      0.00         0
      p_6614       0.00      0.00      0.00         0
      p_6624       0.00      0.00      0.00         0
      p_6633       0.00      0.00      0.00         0
      p_6637       0.00      0.00      0.00         0
      p_6642       0.00      0.00      0.00         0
       p_665       0.00      0.00      0.00         0
      p_6665       0.00      0.00      0.00         0
      p_6679       0.00      0.00      0.00         0
      p_6680       0.00      0.00      0.00         0
      p_6681       0.00      0.00      0.00         0
      p_6682       0.00      0.00      0.00         0
      p_6688       0.00      0.00      0.00         0
      p_6691       0.00      0.00      0.00         0
      p_6705       0.00      0.00      0.00         0
      p_6718       0.00      0.00      0.00         0
      p_6725       0.00      0.00      0.00         0
      p_6727       0.00      0.00      0.00         0
      p_6746       0.00      0.00      0.00         0
       p_676       0.00      0.00      0.00         0
       p_679       0.00      0.00      0.00         0
      p_6792       0.00      0.00      0.00         0
      p_6802       0.00      0.00      0.00         0
      p_6803       0.00      0.00      0.00         0
      p_6806       0.00      0.00      0.00         0
      p_6844       0.00      0.00      0.00         0
      p_6851       0.00      0.00      0.00         0
      p_6858       0.00      0.00      0.00         0
      p_6860       0.00      0.00      0.00         0
      p_6893       0.00      0.00      0.00         0
        p_69       0.00      0.00      0.00         0
      p_6921       0.00      0.00      0.00         0
      p_6936       0.00      0.00      0.00         0
      p_6952       0.00      0.00      0.00         0
      p_6955       0.00      0.00      0.00         0
      p_6986       0.00      0.00      0.00         0
      p_6987       0.00      0.00      0.00         0
      p_6988       0.00      0.00      0.00         0
      p_6989       0.00      0.00      0.00         0
      p_7001       0.00      0.00      0.00         0
      p_7003       0.00      0.00      0.00         0
      p_7013       0.00      0.00      0.00         0
      p_7071       0.00      0.00      0.00         0
      p_7075       0.00      0.00      0.00         0
      p_7081       0.00      0.00      0.00         0
      p_7083       0.00      0.00      0.00         0
      p_7094       0.00      0.00      0.00         0
      p_7119       0.00      0.00      0.00         0
      p_7120       0.00      0.00      0.00         0
      p_7124       0.00      0.00      0.00         0
      p_7126       0.00      0.00      0.00         0
      p_7127       0.00      0.00      0.00         0
      p_7131       0.00      0.00      0.00         0
      p_7133       0.00      0.00      0.00         0
      p_7138       0.00      0.00      0.00         0
      p_7143       0.00      0.00      0.00         0
      p_7151       0.00      0.00      0.00         0
      p_7153       0.00      0.00      0.00         0
      p_7159       0.00      0.00      0.00         0
      p_7165       0.00      0.00      0.00         0
      p_7174       0.00      0.00      0.00         0
      p_7178       0.00      0.00      0.00         0
      p_7180       0.00      0.00      0.00         0
      p_7195       0.00      0.00      0.00         0
      p_7201       0.00      0.00      0.00         0
      p_7209       0.00      0.00      0.00         0
      p_7222       0.00      0.00      0.00         0
      p_7237       0.00      0.00      0.00         0
      p_7256       0.00      0.00      0.00         0
      p_7260       0.00      0.00      0.00         0
      p_7261       0.00      0.00      0.00         0
      p_7265       0.00      0.00      0.00         0
      p_7271       0.00      0.00      0.00         0
      p_7275       0.00      0.00      0.00         0
      p_7294       0.00      0.00      0.00         0
      p_7309       0.00      0.00      0.00         0
      p_7318       0.00      0.00      0.00         0
      p_7320       0.00      0.00      0.00         0
      p_7331       0.00      0.00      0.00         0
      p_7335       0.00      0.00      0.00         0
      p_7338       0.00      0.00      0.00         0
      p_7346       0.00      0.00      0.00         0
      p_7348       0.00      0.00      0.00         0
      p_7353       0.00      0.00      0.00         0
      p_7361       0.00      0.00      0.00         0
      p_7367       0.00      0.00      0.00         0
      p_7369       0.00      0.00      0.00         0
      p_7386       0.00      0.00      0.00         0
      p_7399       0.00      0.00      0.00         0
      p_7406       0.00      0.00      0.00         0
      p_7408       0.00      0.00      0.00         0
      p_7409       0.00      0.00      0.00         0
      p_7418       0.00      0.00      0.00         0
      p_7422       0.00      0.00      0.00         0
      p_7424       0.00      0.00      0.00         0
      p_7427       0.00      0.00      0.00         0
      p_7443       0.00      0.00      0.00         0
      p_7449       0.00      0.00      0.00         0
      p_7450       0.00      0.00      0.00         0
      p_7467       0.00      0.00      0.00         0
      p_7475       0.00      0.00      0.00         0
      p_7499       0.00      0.00      0.00         0
      p_7524       0.00      0.00      0.00         0
      p_7541       0.00      0.00      0.00         0
      p_7632       0.00      0.00      0.00         0
      p_7755       0.00      0.00      0.00         0
      p_7756       0.00      0.00      0.00         0
      p_7786       0.00      0.00      0.00         0
        p_78       0.00      0.00      0.00         0
      p_7826       0.00      0.00      0.00         0
      p_7866       0.00      0.00      0.00         0
      p_7932       0.00      0.00      0.00         0
       p_800       0.00      0.00      0.00         0
       p_801       0.00      0.00      0.00         0
      p_8032       0.00      0.00      0.00         0
      p_8089       0.00      0.00      0.00         0
      p_8121       0.00      0.00      0.00         0
      p_8189       0.00      0.00      0.00         0
      p_8208       0.00      0.00      0.00         0
      p_8247       0.00      0.00      0.00         0
      p_8275       0.00      0.00      0.00         0
      p_8278       0.00      0.00      0.00         0
      p_8288       0.00      0.00      0.00         0
      p_8313       0.00      0.00      0.00         0
      p_8365       0.00      0.00      0.00         0
      p_8372       0.00      0.00      0.00         0
      p_8374       0.00      0.00      0.00         0
      p_8380       0.00      0.00      0.00         0
      p_8392       0.00      0.00      0.00         0
      p_8393       0.00      0.00      0.00         0
      p_8412       0.00      0.00      0.00         0
      p_8419       0.00      0.00      0.00         0
      p_8427       0.00      0.00      0.00         0
      p_8431       0.00      0.00      0.00         0
       p_844       0.00      0.00      0.00         0
      p_8443       0.00      0.00      0.00         0
      p_8460       0.00      0.00      0.00         0
      p_8468       0.00      0.00      0.00         0
      p_8469       0.00      0.00      0.00         0
      p_8470       0.00      0.00      0.00         0
      p_8482       0.00      0.00      0.00         0
      p_8485       0.00      0.00      0.00         0
      p_8501       0.00      0.00      0.00         0
      p_8504       0.00      0.00      0.00         0
      p_8514       0.00      0.00      0.00         0
      p_8515       0.00      0.00      0.00         0
      p_8521       0.00      0.00      0.00         0
      p_8546       0.00      0.00      0.00         0
      p_8566       0.00      0.00      0.00         0
      p_8570       0.00      0.00      0.00         0
      p_8586       0.00      0.00      0.00         0
      p_8597       0.00      0.00      0.00         0
       p_861       0.00      0.00      0.00         0
      p_8614       0.00      0.00      0.00         0
      p_8627       0.00      0.00      0.00         0
      p_8638       0.00      0.00      0.00         0
      p_8641       0.00      0.00      0.00         0
      p_8646       0.00      0.00      0.00         0
      p_8648       0.00      0.00      0.00         0
      p_8664       0.00      0.00      0.00         0
      p_8672       0.00      0.00      0.00         0
      p_8676       0.00      0.00      0.00         0
      p_8677       0.00      0.00      0.00         0
      p_8679       0.00      0.00      0.00         0
      p_8692       0.00      0.00      0.00         0
      p_8693       0.00      0.00      0.00         0
      p_8702       0.00      0.00      0.00         0
      p_8704       0.00      0.00      0.00         0
      p_8705       0.00      0.00      0.00         0
      p_8708       0.00      0.00      0.00         0
       p_871       0.00      0.00      0.00         0
      p_8721       0.00      0.00      0.00         0
      p_8722       0.00      0.00      0.00         0
      p_8727       0.00      0.00      0.00         0
       p_873       0.00      0.00      0.00         0
      p_8733       0.00      0.00      0.00         0
      p_8742       0.00      0.00      0.00         0
      p_8747       0.00      0.00      0.00         0
      p_8748       0.00      0.00      0.00         0
      p_8776       0.00      0.00      0.00         0
      p_8779       0.00      0.00      0.00         0
      p_8788       0.00      0.00      0.00         0
      p_8796       0.00      0.00      0.00         0
      p_8803       0.00      0.00      0.00         0
      p_8810       0.00      0.00      0.00         0
      p_8818       0.00      0.00      0.00         0
      p_8820       0.00      0.00      0.00         0
      p_8825       0.00      0.00      0.00         0
      p_8831       0.00      0.00      0.00         0
      p_8832       0.00      0.00      0.00         0
      p_8833       0.00      0.00      0.00         0
      p_8850       0.00      0.00      0.00         0
      p_8858       0.00      0.00      0.00         0
      p_8868       0.00      0.00      0.00         0
      p_8876       0.00      0.00      0.00         0
      p_8878       0.00      0.00      0.00         0
      p_8882       0.00      0.00      0.00         0
      p_8887       0.56      0.58      0.57        26
      p_8891       0.00      0.00      0.00        30
      p_8898       0.19      0.10      0.13        30
      p_8904       0.50      0.03      0.06        30
      p_8905       0.57      0.13      0.22        30
      p_8910       0.56      0.73      0.64        30
      p_8916       0.00      0.00      0.00        30
      p_8926       0.40      0.40      0.40        30
      p_8928       0.55      0.20      0.29        30
      p_8932       0.33      0.03      0.06        30
      p_8939       0.00      0.00      0.00        30
      p_8940       0.00      0.00      0.00        30
      p_8942       0.00      0.00      0.00        30
      p_8943       0.43      0.10      0.16        30
      p_8946       1.00      0.03      0.06        30
      p_8947       1.00      0.07      0.12        30
      p_8954       0.00      0.00      0.00        30
      p_8964       0.00      0.00      0.00        30
      p_8968       0.00      0.00      0.00        32
      p_8971       0.00      0.00      0.00        30
      p_8974       0.67      0.13      0.22        30
      p_8979       0.00      0.00      0.00        30
      p_8987       0.00      0.00      0.00        30
      p_9013       0.00      0.00      0.00        30
      p_9017       0.00      0.00      0.00        30
      p_9020       0.00      0.00      0.00        30
      p_9023       0.30      0.47      0.37        30
      p_9027       0.00      0.00      0.00        30
      p_9028       0.39      0.77      0.52        30
      p_9031       1.00      0.03      0.06        30
      p_9040       0.50      0.03      0.06        30
      p_9047       0.00      0.00      0.00        30
      p_9079       0.00      0.00      0.00        30
      p_9084       0.00      0.00      0.00        30
      p_9087       0.00      0.00      0.00        30
      p_9091       0.00      0.00      0.00        30
      p_9123       0.00      0.00      0.00        30
      p_9135       0.50      0.03      0.06        30
      p_9144       0.00      0.00      0.00        30
      p_9150       0.88      0.47      0.61        30
      p_9152       0.41      0.72      0.52        32
      p_9166       0.00      0.00      0.00        30
      p_9168       0.00      0.00      0.00        30
      p_9176       0.00      0.00      0.00        30
      p_9177       0.60      0.20      0.30        30
      p_9179       0.50      0.03      0.06        30
      p_9184       0.00      0.00      0.00        30
      p_9192       0.00      0.00      0.00        30
      p_9198       0.00      0.00      0.00        30
      p_9206       0.00      0.00      0.00        30
      p_9211       0.00      0.00      0.00        30
      p_9213       0.68      0.50      0.58        30
       p_924       0.00      0.00      0.00        30
      p_9256       0.57      0.12      0.21        32
      p_9288       0.00      0.00      0.00        30
      p_9290       1.00      0.07      0.12        30
      p_9297       0.57      0.27      0.36        30
      p_9341       0.00      0.00      0.00        30
      p_9362       0.00      0.00      0.00        30
       p_951       0.00      0.00      0.00        30
      p_9542       0.00      0.00      0.00        30
       p_958       0.00      0.00      0.00        30
      p_9646       0.29      0.13      0.18        30
      p_9669       0.00      0.00      0.00        30
      p_9672       1.00      0.03      0.06        30
      p_9678       0.25      0.03      0.06        30
      p_9685       0.00      0.00      0.00        30
      p_9687       0.00      0.00      0.00        30
      p_9693       1.00      0.50      0.67        30
      p_9697       0.00      0.00      0.00        30
      p_9701       0.00      0.00      0.00        30
      p_9712       0.26      0.37      0.30        30
      p_9719       0.57      0.27      0.36        30
      p_9722       1.00      0.03      0.06        30
      p_9729       0.33      0.03      0.06        30
       p_973       0.00      0.00      0.00        30
      p_9730       0.00      0.00      0.00        30
      p_9733       0.00      0.00      0.00        30
       p_975       0.50      0.03      0.06        30
      p_9758       0.00      0.00      0.00        30
      p_9789       0.50      0.27      0.35        30
      p_9790       0.58      0.23      0.33        30
      p_9794       0.00      0.00      0.00        30
      p_9797       0.00      0.00      0.00        30
      p_9808       0.00      0.00      0.00        30
      p_9818       1.00      0.13      0.24        30
      p_9821       1.00      0.03      0.06        30
      p_9840       0.00      0.00      0.00        31
      p_9886       0.71      0.17      0.27        30
      p_9915       1.00      0.03      0.06        30
       p_992       0.00      0.00      0.00        30
      p_9921       0.00      0.00      0.00        30
      p_9923       0.50      0.03      0.06        30
      p_9927       0.00      0.00      0.00        30
       p_993       0.00      0.00      0.00        30
      p_9935       0.00      0.00      0.00        30
      p_9944       0.81      0.73      0.77        30
      p_9967       0.00      0.00      0.00        30
       p_997       0.00      0.00      0.00        30
      p_9987       0.00      0.00      0.00        30

    accuracy                           0.09      3003
   macro avg       0.03      0.01      0.01      3003
weighted avg       0.26      0.09      0.11      3003
