FASE: FASE_2
              precision    recall  f1-score   support

           7       0.00      0.00      0.00         0
          23       0.00      0.00      0.00         0
          32       0.00      0.00      0.00         0
          34       0.00      0.00      0.00         0
          36       0.00      0.00      0.00         0
          50       0.00      0.00      0.00         0
          58       0.00      0.00      0.00         0
          62       0.00      0.00      0.00         0
          76       0.00      0.00      0.00         0
         103       0.00      0.00      0.00         0
         108       0.00      0.00      0.00         0
         114       0.00      0.00      0.00         0
         121       0.00      0.00      0.00         0
         125       0.00      0.00      0.00         0
         128       0.00      0.00      0.00         0
         137       0.00      0.00      0.00         0
         146       0.00      0.00      0.00         0
         151       0.00      0.00      0.00         0
         155       0.00      0.00      0.00         0
         161       0.00      0.00      0.00         0
         163       0.00      0.00      0.00         0
         171       0.00      0.00      0.00         0
         172       0.00      0.00      0.00         0
         191       0.00      0.00      0.00         0
         192       0.00      0.00      0.00         0
         206       0.00      0.00      0.00         0
         211       0.00      0.00      0.00         0
         222       0.00      0.00      0.00         0
         227       0.00      0.00      0.00         0
         231       0.00      0.00      0.00         0
         232       0.00      0.00      0.00         0
         239       0.00      0.00      0.00         0
         249       0.00      0.00      0.00         0
         257       0.00      0.00      0.00         0
         276       0.00      0.00      0.00         0
         278       0.00      0.00      0.00         0
         312       0.00      0.00      0.00         0
         314       0.00      0.00      0.00         0
         315       0.00      0.00      0.00         0
         322       0.00      0.00      0.00         0
         330       0.00      0.00      0.00         0
         340       0.00      0.00      0.00         0
         341       0.00      0.00      0.00         0
         342       0.00      0.00      0.00         0
         363       0.00      0.00      0.00         0
         372       0.00      0.00      0.00         0
         377       0.00      0.00      0.00         0
         381       0.00      0.00      0.00         0
         392       0.00      0.00      0.00         0
         405       0.00      0.00      0.00         0
         411       0.00      0.00      0.00         0
         414       0.00      0.00      0.00         0
         416       0.00      0.00      0.00         0
         421       0.00      0.00      0.00         0
         432       0.00      0.00      0.00         0
         447       0.00      0.00      0.00         0
         456       0.00      0.00      0.00         0
         470       0.00      0.00      0.00         0
         477       0.00      0.00      0.00         0
         499       0.00      0.00      0.00         0
         506       0.00      0.00      0.00         0
         516       0.00      0.00      0.00         0
         525       0.00      0.00      0.00         0
         533       0.00      0.00      0.00         0
         544       0.00      0.00      0.00         0
         557       0.00      0.00      0.00         0
         564       0.00      0.00      0.00         0
         579       0.00      0.00      0.00         0
         589       0.00      0.00      0.00         0
         592       0.00      0.00      0.00         0
         605       0.00      0.00      0.00         0
         614       0.00      0.00      0.00         0
         620       0.00      0.00      0.00         0
         624       0.00      0.00      0.00         0
         625       0.00      0.00      0.00         0
         629       0.00      0.00      0.00         0
         634       0.00      0.00      0.00         0
         640       0.00      0.00      0.00         0
         649       0.00      0.00      0.00         0
         666       0.00      0.00      0.00         0
         687       0.00      0.00      0.00         0
         688       0.00      0.00      0.00         0
         703       0.00      0.00      0.00         0
         718       0.00      0.00      0.00         0
         729       0.00      0.00      0.00         0
         734       0.00      0.00      0.00         0
         737       0.00      0.00      0.00         0
         743       0.00      0.00      0.00         0
         759       0.00      0.00      0.00         0
         767       0.00      0.00      0.00         0
         774       0.00      0.00      0.00         0
         779       0.00      0.00      0.00         0
         781       0.00      0.00      0.00         0
         784       0.00      0.00      0.00         0
         809       0.00      0.00      0.00         0
         812       0.00      0.00      0.00         0
         815       0.00      0.00      0.00         0
         817       0.00      0.00      0.00         0
         823       0.00      0.00      0.00         0
         834       0.00      0.00      0.00         0
         844       0.00      0.00      0.00         0
         846       0.00      0.00      0.00         0
         851       0.00      0.00      0.00         0
         852       0.00      0.00      0.00         0
         854       0.00      0.00      0.00         0
         887       0.00      0.00      0.00         0
         892       0.00      0.00      0.00         0
         895       0.00      0.00      0.00         0
         896       0.00      0.00      0.00         0
         900       0.00      0.00      0.00        26
         901       0.00      0.00      0.00        30
         902       0.11      0.07      0.08        30
         903       0.00      0.00      0.00        30
         904       0.00      0.00      0.00        30
         905       0.00      0.00      0.00        30
         906       0.00      0.00      0.00        30
         907       0.00      0.00      0.00        30
         908       0.00      0.00      0.00        30
         909       0.00      0.00      0.00        30
         910       0.00      0.00      0.00        30
         911       0.00      0.00      0.00        30
         912       0.00      0.00      0.00        30
         913       0.00      0.00      0.00        30
         914       0.00      0.00      0.00        30
         915       0.00      0.00      0.00        30
         916       0.00      0.00      0.00        30
         917       0.00      0.00      0.00        30
         918       0.00      0.00      0.00        32
         919       0.00      0.00      0.00        30
         920       0.00      0.00      0.00        30
         921       0.00      0.00      0.00        30
         922       0.00      0.00      0.00        30
         923       0.00      0.00      0.00        30
         924       0.00      0.00      0.00        30
         925       0.00      0.00      0.00        30
         926       0.00      0.00      0.00        30
         927       0.00      0.00      0.00        30
         928       0.01      0.03      0.01        30
         929       0.00      0.00      0.00        30
         930       0.00      0.00      0.00        30
         931       0.00      0.00      0.00        30
         932       0.00      0.00      0.00        30
         933       0.00      0.00      0.00        30
         934       0.00      0.00      0.00        30
         935       0.00      0.00      0.00        30
         936       0.00      0.00      0.00        30
         937       0.00      0.00      0.00        30
         938       0.00      0.00      0.00        30
         939       0.00      0.00      0.00        30
         940       0.25      0.03      0.06        32
         941       0.00      0.00      0.00        30
         942       0.00      0.00      0.00        30
         943       0.00      0.00      0.00        30
         944       0.00      0.00      0.00        30
         945       0.03      0.03      0.03        30
         946       0.00      0.00      0.00        30
         947       0.00      0.00      0.00        30
         948       0.00      0.00      0.00        30
         949       0.00      0.00      0.00        30
         950       0.00      0.00      0.00        30
         951       0.00      0.00      0.00        30
         952       0.00      0.00      0.00        30
         953       0.33      0.03      0.06        32
         954       0.00      0.00      0.00        30
         955       0.00      0.00      0.00        30
         956       0.00      0.00      0.00        30
         957       0.00      0.00      0.00        30
         958       0.00      0.00      0.00        30
         959       0.00      0.00      0.00        30
         960       0.00      0.00      0.00        30
         961       0.00      0.00      0.00        30
         962       0.00      0.00      0.00        30
         963       0.00      0.00      0.00        30
         964       0.00      0.00      0.00        30
         965       0.00      0.00      0.00        30
         966       0.00      0.00      0.00        30
         967       0.00      0.00      0.00        30
         968       0.00      0.00      0.00        30
         969       0.00      0.00      0.00        30
         970       0.00      0.00      0.00        30
         971       0.00      0.00      0.00        30
         972       0.00      0.00      0.00        30
         973       0.00      0.00      0.00        30
         974       0.00      0.00      0.00        30
         975       0.00      0.00      0.00        30
         976       0.00      0.00      0.00        30
         977       0.00      0.00      0.00        30
         978       0.00      0.00      0.00        30
         979       0.00      0.00      0.00        30
         980       0.01      0.03      0.02        30
         981       0.00      0.00      0.00        30
         982       0.00      0.00      0.00        30
         983       0.00      0.00      0.00        30
         984       0.00      0.00      0.00        30
         985       0.00      0.00      0.00        30
         986       0.00      0.00      0.00        30
         987       0.00      0.00      0.00        31
         988       0.00      0.00      0.00        30
         989       0.00      0.00      0.00        30
         990       0.00      0.00      0.00        30
         991       0.00      0.00      0.00        30
         992       0.00      0.00      0.00        30
         993       0.00      0.00      0.00        30
         994       0.00      0.00      0.00        30
         995       0.00      0.00      0.00        30
         996       0.00      0.00      0.00        30
         997       0.00      0.00      0.00        30
         998       0.00      0.00      0.00        30
         999       0.00      0.00      0.00        30

    accuracy                           0.00      3003
   macro avg       0.00      0.00      0.00      3003
weighted avg       0.01      0.00      0.00      3003
